bin 2000 de 0.0386817
threshold 44.484 61.1171
0.0386817 5.28946e-09 0 0
0.0773635 3.97138e-09 0 0
0.116045 3.04784e-09 0 0
0.154727 2.38283e-09 0 0
0.193409 1.89245e-09 0 0
0.23209 1.52316e-09 0 0
0.270772 1.23979e-09 0 0
0.309454 1.0186e-09 0 0
0.348136 8.43225e-10 0 0
0.386817 7.02129e-10 0 0
0.425499 5.87053e-10 0 0
0.464181 4.91975e-10 0 0
0.502863 4.12441e-10 0 0
0.541544 3.45116e-10 0 0
0.580226 2.87469e-10 0 0
0.618908 2.37557e-10 0 0
0.65759 1.93875e-10 0 0
0.696271 1.55247e-10 0 0
0.734953 1.20744e-10 0 0
0.773635 8.96263e-11 0 0
0.812317 6.13016e-11 0 0
0.850998 7.93993e-11 0 0
0.88968 1.03295e-10 0 0
0.928362 1.25587e-10 0 0
0.967044 1.46534e-10 0 0
1.00573 1.66354e-10 0 0
1.04441 1.85224e-10 0 0
1.08309 2.03296e-10 0 0
1.12177 2.20694e-10 0 0
1.16045 2.37523e-10 0 0
1.19913 2.53873e-10 0 0
1.23782 2.6982e-10 0 0
1.2765 2.85427e-10 0 0
1.31518 3.0075e-10 0 0
1.35386 3.15835e-10 0 0
1.39254 3.30722e-10 0 0
1.43122 3.45447e-10 0 0
1.46991 3.60039e-10 0 0
1.50859 3.74524e-10 0 0
1.54727 3.88924e-10 0 0
1.58595 4.0326e-10 0 0
1.62463 4.17546e-10 0 0
1.66331 4.31799e-10 0 0
1.702 4.46032e-10 0 0
1.74068 4.60254e-10 0 0
1.77936 4.74477e-10 0 0
1.81804 4.88708e-10 0 0
1.85672 5.02955e-10 0 0
1.89541 5.17224e-10 0 0
1.93409 5.31522e-10 0 0
1.97277 5.45853e-10 0 0
2.01145 5.60221e-10 0 0
2.05013 5.74631e-10 0 0
2.08881 5.89085e-10 0 0
2.1275 6.03587e-10 0 0
2.16618 6.18139e-10 0 0
2.20486 6.32743e-10 0 0
2.24354 6.474e-10 0 0
2.28222 6.62114e-10 0 0
2.3209 6.76884e-10 0 0
2.35959 6.91713e-10 0 0
2.39827 7.06601e-10 0 0
2.43695 7.21548e-10 0 0
2.47563 7.36557e-10 0 0
2.51431 7.51626e-10 0 0
2.55299 7.66757e-10 0 0
2.59168 7.8195e-10 0 0
2.63036 7.97205e-10 0 0
2.66904 8.12522e-10 0 0
2.70772 8.27902e-10 0 0
2.7464 8.43343e-10 0 0
2.78509 8.58848e-10 0 0
2.82377 8.74414e-10 0 0
2.86245 8.90042e-10 0 0
2.90113 9.05732e-10 0 0
2.93981 9.21484e-10 0 0
2.97849 9.37296e-10 0 0
3.01718 9.5317e-10 0 0
3.05586 9.69105e-10 0 0
3.09454 9.85099e-10 0 0
3.13322 1.00115e-09 0 0
3.1719 1.01727e-09 0 0
3.21058 1.03344e-09 0 0
3.24927 1.04967e-09 0 0
3.28795 1.06596e-09 0 0
3.32663 1.08231e-09 0 0
3.36531 1.09872e-09 0 0
3.40399 1.11518e-09 0 0
3.44267 1.1317e-09 0 0
3.48136 1.14827e-09 0 0
3.52004 1.1649e-09 0 0
3.55872 1.18158e-09 0 0
3.5974 1.19832e-09 0 0
3.63608 1.21512e-09 0 0
3.67477 1.23196e-09 0 0
3.71345 1.24886e-09 0 0
3.75213 1.26581e-09 0 0
3.79081 1.28281e-09 0 0
3.82949 1.29987e-09 0 0
3.86817 1.31697e-09 0 0
3.90686 1.33413e-09 0 0
3.94554 1.35133e-09 0 0
3.98422 1.36859e-09 0 0
4.0229 1.38589e-09 0 0
4.06158 1.40324e-09 0 0
4.10026 1.42064e-09 0 0
4.13895 1.43808e-09 0 0
4.17763 1.45558e-09 0 0
4.21631 1.47311e-09 0 0
4.25499 1.4907e-09 0 0
4.29367 1.50833e-09 0 0
4.33235 1.526e-09 0 0
4.37104 1.54372e-09 0 0
4.40972 1.56148e-09 0 0
4.4484 1.57928e-09 0 0
4.48708 1.59713e-09 0 0
4.52576 1.61502e-09 0 0
4.56445 1.63295e-09 0 0
4.60313 1.65092e-09 0 0
4.64181 1.66894e-09 0 0
4.68049 1.68699e-09 0 0
4.71917 1.70508e-09 0 0
4.75785 1.72321e-09 0 0
4.79654 1.74138e-09 0 0
4.83522 1.75959e-09 0 0
4.8739 1.77784e-09 0 0
4.91258 1.79612e-09 0 0
4.95126 1.81444e-09 0 0
4.98994 1.8328e-09 0 0
5.02863 1.85119e-09 0 0
5.06731 1.86962e-09 0 0
5.10599 1.88808e-09 0 0
5.14467 1.90658e-09 0 0
5.18335 1.92511e-09 0 0
5.22203 1.94368e-09 0 0
5.26072 1.96227e-09 0 0
5.2994 1.9809e-09 0 0
5.33808 1.99957e-09 0 0
5.37676 2.01826e-09 0 0
5.41544 2.03699e-09 0 0
5.45413 2.05575e-09 0 0
5.49281 2.07454e-09 0 0
5.53149 2.09335e-09 0 0
5.57017 2.1122e-09 0 0
5.60885 2.13108e-09 0 0
5.64753 2.14999e-09 0 0
5.68622 2.16892e-09 0 0
5.7249 2.18788e-09 0 0
5.76358 2.20687e-09 0 0
5.80226 2.22589e-09 0 0
5.84094 2.24494e-09 0 0
5.87962 2.26401e-09 0 0
5.91831 2.2831e-09 0 0
5.95699 2.30222e-09 0 0
5.99567 2.32137e-09 0 0
6.03435 2.34054e-09 0 0
6.07303 2.35974e-09 0 0
6.11171 2.37896e-09 0 0
6.1504 2.3982e-09 0 0
6.18908 2.41747e-09 0 0
6.22776 2.43676e-09 0 0
6.26644 2.45607e-09 0 0
6.30512 2.47541e-09 0 0
6.34381 2.49477e-09 0 0
6.38249 2.51414e-09 0 0
6.42117 2.53354e-09 0 0
6.45985 2.55296e-09 0 0
6.49853 2.5724e-09 0 0
6.53721 2.59186e-09 0 0
6.5759 2.61134e-09 0 0
6.61458 2.63084e-09 0 0
6.65326 2.65035e-09 0 0
6.69194 2.66989e-09 0 0
6.73062 2.68944e-09 0 0
6.7693 2.70901e-09 0 0
6.80799 2.7286e-09 0 0
6.84667 2.7482e-09 0 0
6.88535 2.76783e-09 0 0
6.92403 2.78746e-09 0 0
6.96271 2.80712e-09 0 0
7.00139 2.82679e-09 0 0
7.04008 2.84647e-09 0 0
7.07876 2.86617e-09 0 0
7.11744 2.88588e-09 0 0
7.15612 2.90561e-09 0 0
7.1948 2.92535e-09 0 0
7.23349 2.94511e-09 0 0
7.27217 2.96488e-09 0 0
7.31085 2.98466e-09 0 0
7.34953 3.00446e-09 0 0
7.38821 3.02426e-09 0 0
7.42689 3.04408e-09 0 0
7.46558 3.06391e-09 0 0
7.50426 3.08375e-09 0 0
7.54294 3.10361e-09 0 0
7.58162 3.12347e-09 0 0
7.6203 3.14335e-09 0 0
7.65898 3.16323e-09 0 0
7.69767 3.18312e-09 0 0
7.73635 3.20303e-09 0 0
7.77503 3.22294e-09 0 0
7.81371 3.24286e-09 0 0
7.85239 3.26279e-09 0 0
7.89107 3.28273e-09 0 0
7.92976 3.30268e-09 0 0
7.96844 3.32263e-09 0 0
8.00712 3.34259e-09 0 0
8.0458 3.36256e-09 0 0
8.08448 3.38254e-09 0 0
8.12317 3.40252e-09 0 0
8.16185 3.42251e-09 0 0
8.20053 3.44251e-09 0 0
8.23921 3.46251e-09 0 0
8.27789 3.48251e-09 0 0
8.31657 3.50253e-09 0 0
8.35526 3.52254e-09 0 0
8.39394 3.54256e-09 0 0
8.43262 3.56259e-09 0 0
8.4713 3.58262e-09 0 0
8.50998 3.60265e-09 0 0
8.54866 3.62269e-09 0 0
8.58735 3.64273e-09 0 0
8.62603 3.66278e-09 0 0
8.66471 3.68282e-09 0 0
8.70339 3.70287e-09 0 0
8.74207 3.72292e-09 0 0
8.78076 3.74298e-09 0 0
8.81944 3.76303e-09 0 0
8.85812 3.78309e-09 0 0
8.8968 3.80315e-09 0 0
8.93548 3.82321e-09 0 0
8.97416 3.84327e-09 0 0
9.01285 3.86333e-09 0 0
9.05153 3.8834e-09 0 0
9.09021 3.90346e-09 0 0
9.12889 3.92352e-09 0 0
9.16757 3.94359e-09 0 0
9.20625 3.96365e-09 0 0
9.24494 3.98371e-09 0 0
9.28362 4.00377e-09 0 0
9.3223 4.02383e-09 0 0
9.36098 4.04389e-09 0 0
9.39966 4.06394e-09 0 0
9.43834 4.084e-09 0 0
9.47703 4.10405e-09 0 0
9.51571 4.1241e-09 0 0
9.55439 4.14415e-09 0 0
9.59307 4.1642e-09 0 0
9.63175 4.18424e-09 0 0
9.67044 4.20428e-09 0 0
9.70912 4.22432e-09 0 0
9.7478 4.24435e-09 0 0
9.78648 4.26438e-09 0 0
9.82516 4.28441e-09 0 0
9.86384 4.30443e-09 0 0
9.90253 4.32445e-09 0 0
9.94121 4.34446e-09 0 0
9.97989 4.36447e-09 0 0
10.0186 4.38448e-09 0 0
10.0573 4.40448e-09 0 0
10.0959 4.42447e-09 0 0
10.1346 4.44446e-09 0 0
10.1733 4.46445e-09 0 0
10.212 4.48443e-09 0 0
10.2507 4.5044e-09 0 0
10.2893 4.52437e-09 0 0
10.328 4.54433e-09 0 0
10.3667 4.56428e-09 0 0
10.4054 4.58423e-09 0 0
10.4441 4.60417e-09 0 0
10.4828 4.62411e-09 0 0
10.5214 4.64404e-09 0 0
10.5601 4.66396e-09 0 0
10.5988 4.68387e-09 0 0
10.6375 4.70378e-09 0 0
10.6762 4.72368e-09 0 0
10.7148 4.74357e-09 0 0
10.7535 4.76346e-09 0 0
10.7922 4.78333e-09 0 0
10.8309 4.8032e-09 0 0
10.8696 4.82306e-09 0 0
10.9083 4.84291e-09 0 0
10.9469 4.86276e-09 0 0
10.9856 4.88259e-09 0 0
11.0243 4.90242e-09 0 0
11.063 4.92223e-09 0 0
11.1017 4.94204e-09 0 0
11.1403 4.96184e-09 0 0
11.179 4.98163e-09 0 0
11.2177 5.00141e-09 0 0
11.2564 5.02118e-09 0 0
11.2951 5.04094e-09 0 0
11.3337 5.0607e-09 0 0
11.3724 5.08044e-09 0 0
11.4111 5.10017e-09 0 0
11.4498 5.11989e-09 0 0
11.4885 5.1396e-09 0 0
11.5272 5.1593e-09 0 0
11.5658 5.179e-09 0 0
11.6045 5.19868e-09 0 0
11.6432 5.21835e-09 0 0
11.6819 5.23801e-09 0 0
11.7206 5.25766e-09 0 0
11.7592 5.27729e-09 0 0
11.7979 5.29692e-09 0 0
11.8366 5.31654e-09 0 0
11.8753 5.33614e-09 0 0
11.914 5.35573e-09 0 0
11.9527 5.37532e-09 0 0
11.9913 5.39489e-09 0 0
12.03 5.41445e-09 0 0
12.0687 5.434e-09 0 0
12.1074 5.45353e-09 0 0
12.1461 5.47306e-09 0 0
12.1847 5.49257e-09 0 0
12.2234 5.51207e-09 0 0
12.2621 5.53156e-09 0 0
12.3008 5.55104e-09 0 0
12.3395 5.5705e-09 0 0
12.3782 5.58995e-09 0 0
12.4168 5.6094e-09 0 0
12.4555 5.62882e-09 0 0
12.4942 5.64824e-09 0 0
12.5329 5.66764e-09 0 0
12.5716 5.68703e-09 0 0
12.6102 5.70641e-09 0 0
12.6489 5.72578e-09 0 0
12.6876 5.74513e-09 0 0
12.7263 5.76448e-09 0 0
12.765 5.7838e-09 0 0
12.8037 5.80312e-09 0 0
12.8423 5.82242e-09 0 0
12.881 5.84171e-09 0 0
12.9197 5.86099e-09 0 0
12.9584 5.88025e-09 0 0
12.9971 5.89951e-09 0 0
13.0357 5.91874e-09 0 0
13.0744 5.93797e-09 0 0
13.1131 5.95718e-09 0 0
13.1518 5.97638e-09 0 0
13.1905 5.99557e-09 0 0
13.2292 6.01474e-09 0 0
13.2678 6.0339e-09 0 0
13.3065 6.05305e-09 0 0
13.3452 6.07218e-09 0 0
13.3839 6.0913e-09 0 0
13.4226 6.11041e-09 0 0
13.4612 6.1295e-09 0 0
13.4999 6.14858e-09 0 0
13.5386 6.16765e-09 0 0
13.5773 6.1867e-09 0 0
13.616 6.20574e-09 0 0
13.6547 6.22477e-09 0 0
13.6933 6.24379e-09 0 0
13.732 6.26279e-09 0 0
13.7707 6.28177e-09 0 0
13.8094 6.30075e-09 0 0
13.8481 6.31971e-09 0 0
13.8867 6.33865e-09 0 0
13.9254 6.35759e-09 0 0
13.9641 6.37651e-09 0 0
14.0028 6.39542e-09 0 0
14.0415 6.41431e-09 0 0
14.0802 6.43319e-09 0 0
14.1188 6.45206e-09 0 0
14.1575 6.47091e-09 0 0
14.1962 6.48975e-09 0 0
14.2349 6.50858e-09 0 0
14.2736 6.52739e-09 0 0
14.3122 6.54619e-09 0 0
14.3509 6.56498e-09 0 0
14.3896 6.58375e-09 0 0
14.4283 6.60251e-09 0 0
14.467 6.62126e-09 0 0
14.5057 6.63999e-09 0 0
14.5443 6.65871e-09 0 0
14.583 6.67742e-09 0 0
14.6217 6.69611e-09 0 0
14.6604 6.7148e-09 0 0
14.6991 6.73346e-09 0 0
14.7377 6.75212e-09 0 0
14.7764 6.77076e-09 0 0
14.8151 6.78939e-09 0 0
14.8538 6.80801e-09 0 0
14.8925 6.82661e-09 0 0
14.9312 6.8452e-09 0 0
14.9698 6.86378e-09 0 0
15.0085 6.88234e-09 0 0
15.0472 6.90089e-09 0 0
15.0859 6.91943e-09 0 0
15.1246 6.93796e-09 0 0
15.1632 6.95647e-09 0 0
15.2019 6.97497e-09 0 0
15.2406 6.99346e-09 0 0
15.2793 7.01194e-09 0 0
15.318 7.0304e-09 0 0
15.3567 7.04885e-09 0 0
15.3953 7.06729e-09 0 0
15.434 7.08572e-09 0 0
15.4727 7.10413e-09 0 0
15.5114 7.12253e-09 0 0
15.5501 7.14092e-09 0 0
15.5887 7.1593e-09 0 0
15.6274 7.17767e-09 0 0
15.6661 7.19602e-09 0 0
15.7048 7.21436e-09 0 0
15.7435 7.23269e-09 0 0
15.7821 7.25101e-09 0 0
15.8208 7.26932e-09 0 0
15.8595 7.28761e-09 0 0
15.8982 7.30589e-09 0 0
15.9369 7.32416e-09 0 0
15.9756 7.34242e-09 0 0
16.0142 7.36067e-09 0 0
16.0529 7.37891e-09 0 0
16.0916 7.39713e-09 0 0
16.1303 7.41535e-09 0 0
16.169 7.43355e-09 0 0
16.2076 7.45174e-09 0 0
16.2463 7.46992e-09 0 0
16.285 7.48809e-09 0 0
16.3237 7.50625e-09 0 0
16.3624 7.5244e-09 0 0
16.4011 7.54254e-09 0 0
16.4397 7.56066e-09 0 0
16.4784 7.57878e-09 0 0
16.5171 7.59688e-09 0 0
16.5558 7.61498e-09 0 0
16.5945 7.63306e-09 0 0
16.6331 7.65114e-09 0 0
16.6718 7.6692e-09 0 0
16.7105 7.68726e-09 0 0
16.7492 7.7053e-09 0 0
16.7879 7.72333e-09 0 0
16.8266 7.74136e-09 0 0
16.8652 7.75937e-09 0 0
16.9039 7.77738e-09 0 0
16.9426 7.79537e-09 0 0
16.9813 7.81336e-09 0 0
17.02 7.83133e-09 0 0
17.0586 7.8493e-09 0 0
17.0973 7.86726e-09 0 0
17.136 7.88521e-09 0 0
17.1747 7.90315e-09 0 0
17.2134 7.92108e-09 0 0
17.2521 7.939e-09 0 0
17.2907 7.95691e-09 0 0
17.3294 7.97481e-09 0 0
17.3681 7.99271e-09 0 0
17.4068 8.0106e-09 0 0
17.4455 8.02847e-09 0 0
17.4841 8.04634e-09 0 0
17.5228 8.06421e-09 0 0
17.5615 8.08206e-09 0 0
17.6002 8.0999e-09 0 0
17.6389 8.11774e-09 0 0
17.6776 8.13557e-09 0 0
17.7162 8.15339e-09 0 0
17.7549 8.17121e-09 0 0
17.7936 8.18901e-09 0 0
17.8323 8.20681e-09 0 0
17.871 8.2246e-09 0 0
17.9096 8.24239e-09 0 0
17.9483 8.26017e-09 0 0
17.987 8.27794e-09 0 0
18.0257 8.2957e-09 0 0
18.0644 8.31345e-09 0 0
18.1031 8.3312e-09 0 0
18.1417 8.34895e-09 0 0
18.1804 8.36668e-09 0 0
18.2191 8.38441e-09 0 0
18.2578 8.40214e-09 0 0
18.2965 8.41985e-09 0 0
18.3351 8.43756e-09 0 0
18.3738 8.45527e-09 0 0
18.4125 8.47297e-09 0 0
18.4512 8.49066e-09 0 0
18.4899 8.50835e-09 0 0
18.5286 8.52603e-09 0 0
18.5672 8.54371e-09 0 0
18.6059 8.56138e-09 0 0
18.6446 8.57904e-09 0 0
18.6833 8.5967e-09 0 0
18.722 8.61436e-09 0 0
18.7606 8.63201e-09 0 0
18.7993 8.64966e-09 0 0
18.838 8.6673e-09 0 0
18.8767 8.68493e-09 0 0
18.9154 8.70256e-09 0 0
18.9541 8.72019e-09 0 0
18.9927 8.73781e-09 0 0
19.0314 8.75543e-09 0 0
19.0701 8.77305e-09 0 0
19.1088 8.79066e-09 0 0
19.1475 8.80826e-09 0 0
19.1861 8.82587e-09 0 0
19.2248 8.84347e-09 0 0
19.2635 8.86106e-09 0 0
19.3022 8.87865e-09 0 0
19.3409 8.89624e-09 0 0
19.3796 8.91383e-09 0 0
19.4182 8.93141e-09 0 0
19.4569 8.94899e-09 0 0
19.4956 8.96657e-09 0 0
19.5343 8.98414e-09 0 0
19.573 9.00171e-09 0 0
19.6116 9.01928e-09 0 0
19.6503 9.03685e-09 0 0
19.689 9.05441e-09 0 0
19.7277 9.07197e-09 0 0
19.7664 9.08953e-09 0 0
19.8051 9.10709e-09 0 0
19.8437 9.12464e-09 0 0
19.8824 9.1422e-09 0 0
19.9211 9.15975e-09 0 0
19.9598 9.1773e-09 0 0
19.9985 9.19485e-09 0 0
20.0371 9.21239e-09 0 0
20.0758 9.22994e-09 0 0
20.1145 9.24748e-09 0 0
20.1532 9.26503e-09 0 0
20.1919 9.28257e-09 0 0
20.2306 9.30011e-09 0 0
20.2692 9.31766e-09 0 0
20.3079 9.3352e-09 0 0
20.3466 9.35274e-09 0 0
20.3853 9.37028e-09 0 0
20.424 9.38782e-09 0 0
20.4626 9.40536e-09 0 0
20.5013 9.4229e-09 0 0
20.54 9.44043e-09 0 0
20.5787 9.45797e-09 0 0
20.6174 9.47551e-09 0 0
20.656 9.49305e-09 0 0
20.6947 9.5106e-09 0 0
20.7334 9.52814e-09 0 0
20.7721 9.54568e-09 0 0
20.8108 9.56322e-09 0 0
20.8495 9.58077e-09 0 0
20.8881 9.59831e-09 0 0
20.9268 9.61586e-09 0 0
20.9655 9.6334e-09 0 0
21.0042 9.65095e-09 0 0
21.0429 9.6685e-09 0 0
21.0815 9.68605e-09 0 0
21.1202 9.70361e-09 0 0
21.1589 9.72116e-09 0 0
21.1976 9.73872e-09 0 0
21.2363 9.75628e-09 0 0
21.275 9.77384e-09 0 0
21.3136 9.7914e-09 0 0
21.3523 9.80896e-09 0 0
21.391 9.82653e-09 0 0
21.4297 9.8441e-09 0 0
21.4684 9.86167e-09 0 0
21.507 9.87925e-09 0 0
21.5457 9.89683e-09 0 0
21.5844 9.91441e-09 0 0
21.6231 9.93199e-09 0 0
21.6618 9.94958e-09 0 0
21.7005 9.96717e-09 0 0
21.7391 9.98476e-09 0 0
21.7778 1.00024e-08 0 0
21.8165 1.002e-08 0 0
21.8552 1.00376e-08 0 0
21.8939 1.00552e-08 0 0
21.9325 1.00728e-08 0 0
21.9712 1.00904e-08 0 0
22.0099 1.0108e-08 0 0
22.0486 1.01256e-08 0 0
22.0873 1.01433e-08 0 0
22.126 1.01609e-08 0 0
22.1646 1.01785e-08 0 0
22.2033 1.01962e-08 0 0
22.242 1.02138e-08 0 0
22.2807 1.02314e-08 0 0
22.3194 1.02491e-08 0 0
22.358 1.02668e-08 0 0
22.3967 1.02844e-08 0 0
22.4354 1.03021e-08 0 0
22.4741 1.03198e-08 0 0
22.5128 1.03374e-08 0 0
22.5515 1.03551e-08 0 0
22.5901 1.03728e-08 0 0
22.6288 1.03905e-08 0 0
22.6675 1.04082e-08 0 0
22.7062 1.04259e-08 0 0
22.7449 1.04436e-08 0 0
22.7835 1.04613e-08 0 0
22.8222 1.0479e-08 0 0
22.8609 1.04968e-08 0 0
22.8996 1.05145e-08 0 0
22.9383 1.05322e-08 0 0
22.977 1.055e-08 0 0
23.0156 1.05677e-08 0 0
23.0543 1.05855e-08 0 0
23.093 1.06033e-08 0 0
23.1317 1.0621e-08 0 0
23.1704 1.06388e-08 0 0
23.209 1.06566e-08 0 0
23.2477 1.06744e-08 0 0
23.2864 1.06922e-08 0 0
23.3251 1.071e-08 0 0
23.3638 1.07278e-08 0 0
23.4025 1.07456e-08 0 0
23.4411 1.07634e-08 0 0
23.4798 1.07812e-08 0 0
23.5185 1.07991e-08 0 0
23.5572 1.08169e-08 0 0
23.5959 1.08348e-08 0 0
23.6345 1.08526e-08 0 0
23.6732 1.08705e-08 0 0
23.7119 1.08884e-08 0 0
23.7506 1.09062e-08 0 0
23.7893 1.09241e-08 0 0
23.828 1.0942e-08 0 0
23.8666 1.09599e-08 0 0
23.9053 1.09778e-08 0 0
23.944 1.09957e-08 0 0
23.9827 1.10137e-08 0 0
24.0214 1.10316e-08 0 0
24.06 1.10495e-08 0 0
24.0987 1.10675e-08 0 0
24.1374 1.10854e-08 0 0
24.1761 1.11034e-08 0 0
24.2148 1.11214e-08 0 0
24.2535 1.11394e-08 0 0
24.2921 1.11573e-08 0 0
24.3308 1.11753e-08 0 0
24.3695 1.11933e-08 0 0
24.4082 1.12114e-08 0 0
24.4469 1.12294e-08 0 0
24.4855 1.12474e-08 0 0
24.5242 1.12654e-08 0 0
24.5629 1.12835e-08 0 0
24.6016 1.13015e-08 0 0
24.6403 1.13196e-08 0 0
24.679 1.13377e-08 0 0
24.7176 1.13558e-08 0 0
24.7563 1.13738e-08 0 0
24.795 1.13919e-08 0 0
24.8337 1.141e-08 0 0
24.8724 1.14282e-08 0 0
24.911 1.14463e-08 0 0
24.9497 1.14644e-08 0 0
24.9884 1.14826e-08 0 0
25.0271 1.15007e-08 0 0
25.0658 1.15189e-08 0 0
25.1044 1.1537e-08 0 0
25.1431 1.15552e-08 0 0
25.1818 1.15734e-08 0 0
25.2205 1.15916e-08 0 0
25.2592 1.16098e-08 0 0
25.2979 1.1628e-08 0 0
25.3365 1.16462e-08 0 0
25.3752 1.16644e-08 0 0
25.4139 1.16827e-08 0 0
25.4526 1.17009e-08 0 0
25.4913 1.17192e-08 0 0
25.5299 1.17375e-08 0 0
25.5686 1.17557e-08 0 0
25.6073 1.1774e-08 0 0
25.646 1.17923e-08 0 0
25.6847 1.18106e-08 0 0
25.7234 1.18289e-08 0 0
25.762 1.18472e-08 0 0
25.8007 1.18656e-08 0 0
25.8394 1.18839e-08 0 0
25.8781 1.19022e-08 0 0
25.9168 1.19206e-08 0 0
25.9554 1.1939e-08 0 0
25.9941 1.19573e-08 0 0
26.0328 1.19757e-08 0 0
26.0715 1.19941e-08 0 0
26.1102 1.20125e-08 0 0
26.1489 1.20309e-08 0 0
26.1875 1.20493e-08 0 0
26.2262 1.20678e-08 0 0
26.2649 1.20862e-08 0 0
26.3036 1.21047e-08 0 0
26.3423 1.21231e-08 0 0
26.3809 1.21416e-08 0 0
26.4196 1.216e-08 0 0
26.4583 1.21785e-08 0 0
26.497 1.2197e-08 0 0
26.5357 1.22155e-08 0 0
26.5744 1.2234e-08 0 0
26.613 1.22525e-08 0 0
26.6517 1.22711e-08 0 0
26.6904 1.22896e-08 0 0
26.7291 1.23081e-08 0 0
26.7678 1.23267e-08 0 0
26.8064 1.23452e-08 0 0
26.8451 1.23638e-08 0 0
26.8838 1.23824e-08 0 0
26.9225 1.2401e-08 0 0
26.9612 1.24196e-08 0 0
26.9999 1.24382e-08 0 0
27.0385 1.24568e-08 0 0
27.0772 1.24754e-08 0 0
27.1159 1.2494e-08 0 0
27.1546 1.25127e-08 0 0
27.1933 1.25313e-08 0 0
27.2319 1.255e-08 0 0
27.2706 1.25686e-08 0 0
27.3093 1.25873e-08 0 0
27.348 1.2606e-08 0 0
27.3867 1.26246e-08 0 0
27.4254 1.26433e-08 0 0
27.464 1.2662e-08 0 0
27.5027 1.26807e-08 0 0
27.5414 1.26995e-08 0 0
27.5801 1.27182e-08 0 0
27.6188 1.27369e-08 0 0
27.6574 1.27556e-08 0 0
27.6961 1.27744e-08 0 0
27.7348 1.27931e-08 0 0
27.7735 1.28119e-08 0 0
27.8122 1.28307e-08 0 0
27.8509 1.28494e-08 0 0
27.8895 1.28682e-08 0 0
27.9282 1.2887e-08 0 0
27.9669 1.29058e-08 0 0
28.0056 1.29246e-08 0 0
28.0443 1.29434e-08 0 0
28.0829 1.29622e-08 0 0
28.1216 1.2981e-08 0 0
28.1603 1.29999e-08 0 0
28.199 1.30187e-08 0 0
28.2377 1.30375e-08 0 0
28.2764 1.30564e-08 0 0
28.315 1.30752e-08 0 0
28.3537 1.30941e-08 0 0
28.3924 1.3113e-08 0 0
28.4311 1.31318e-08 0 0
28.4698 1.31507e-08 0 0
28.5084 1.31696e-08 0 0
28.5471 1.31885e-08 0 0
28.5858 1.32074e-08 0 0
28.6245 1.32263e-08 0 0
28.6632 1.32452e-08 0 0
28.7019 1.32641e-08 0 0
28.7405 1.3283e-08 0 0
28.7792 1.33019e-08 0 0
28.8179 1.33208e-08 0 0
28.8566 1.33398e-08 0 0
28.8953 1.33587e-08 0 0
28.9339 1.33776e-08 0 0
28.9726 1.33966e-08 0 0
29.0113 1.34155e-08 0 0
29.05 1.34345e-08 0 0
29.0887 1.34534e-08 0 0
29.1274 1.34724e-08 0 0
29.166 1.34913e-08 0 0
29.2047 1.35103e-08 0 0
29.2434 1.35293e-08 0 0
29.2821 1.35482e-08 0 0
29.3208 1.35672e-08 0 0
29.3594 1.35862e-08 0 0
29.3981 1.36052e-08 0 0
29.4368 1.36241e-08 0 0
29.4755 1.36431e-08 0 0
29.5142 1.36621e-08 0 0
29.5528 1.36811e-08 0 0
29.5915 1.37001e-08 0 0
29.6302 1.37191e-08 0 0
29.6689 1.37381e-08 0 0
29.7076 1.37571e-08 0 0
29.7463 1.37761e-08 0 0
29.7849 1.37951e-08 0 0
29.8236 1.38141e-08 0 0
29.8623 1.38331e-08 0 0
29.901 1.38521e-08 0 0
29.9397 1.38711e-08 0 0
29.9783 1.38901e-08 0 0
30.017 1.39091e-08 0 0
30.0557 1.39281e-08 0 0
30.0944 1.39471e-08 0 0
30.1331 1.39661e-08 0 0
30.1718 1.39851e-08 0 0
30.2104 1.40041e-08 0 0
30.2491 1.40231e-08 0 0
30.2878 1.40421e-08 0 0
30.3265 1.40611e-08 0 0
30.3652 1.40801e-08 0 0
30.4038 1.40991e-08 0 0
30.4425 1.41181e-08 0 0
30.4812 1.41371e-08 0 0
30.5199 1.41561e-08 0 0
30.5586 1.41751e-08 0 0
30.5973 1.41941e-08 0 0
30.6359 1.4213e-08 0 0
30.6746 1.4232e-08 0 0
30.7133 1.4251e-08 0 0
30.752 1.427e-08 0 0
30.7907 1.4289e-08 0 0
30.8293 1.43079e-08 0 0
30.868 1.43269e-08 0 0
30.9067 1.43459e-08 0 0
30.9454 1.43648e-08 0 0
30.9841 1.43838e-08 0 0
31.0228 1.44027e-08 0 0
31.0614 1.44217e-08 0 0
31.1001 1.44406e-08 0 0
31.1388 1.44596e-08 0 0
31.1775 1.44785e-08 0 0
31.2162 1.44974e-08 0 0
31.2548 1.45163e-08 0 0
31.2935 1.45353e-08 0 0
31.3322 1.45542e-08 0 0
31.3709 1.45731e-08 0 0
31.4096 1.4592e-08 0 0
31.4483 1.46108e-08 0 0
31.4869 1.46297e-08 0 0
31.5256 1.46486e-08 0 0
31.5643 1.46675e-08 0 0
31.603 1.46863e-08 0 0
31.6417 1.47052e-08 0 0
31.6803 1.4724e-08 0 0
31.719 1.47429e-08 0 0
31.7577 1.47617e-08 0 0
31.7964 1.47805e-08 0 0
31.8351 1.47993e-08 0 0
31.8738 1.48181e-08 0 0
31.9124 1.48369e-08 0 0
31.9511 1.48557e-08 0 0
31.9898 1.48744e-08 0 0
32.0285 1.48932e-08 0 0
32.0672 1.49119e-08 0 0
32.1058 1.49307e-08 0 0
32.1445 1.49494e-08 0 0
32.1832 1.49681e-08 0 0
32.2219 1.49868e-08 0 0
32.2606 1.50055e-08 0 0
32.2993 1.50242e-08 0 0
32.3379 1.50429e-08 0 0
32.3766 1.50615e-08 0 0
32.4153 1.50802e-08 0 0
32.454 1.50988e-08 0 0
32.4927 1.51174e-08 0 0
32.5313 1.5136e-08 0 0
32.57 1.51546e-08 0 0
32.6087 1.51732e-08 0 0
32.6474 1.51917e-08 0 0
32.6861 1.52103e-08 0 0
32.7248 1.52288e-08 0 0
32.7634 1.52473e-08 0 0
32.8021 1.52658e-08 0 0
32.8408 1.52843e-08 0 0
32.8795 1.53028e-08 0 0
32.9182 1.53212e-08 0 0
32.9568 1.53397e-08 0 0
32.9955 1.53581e-08 0 0
33.0342 1.53765e-08 0 0
33.0729 1.53949e-08 0 0
33.1116 1.54133e-08 0 0
33.1503 1.54316e-08 0 0
33.1889 1.54499e-08 0 0
33.2276 1.54683e-08 0 0
33.2663 1.54866e-08 0 0
33.305 1.55048e-08 0 0
33.3437 1.55231e-08 0 0
33.3823 1.55413e-08 0 0
33.421 1.55595e-08 0 0
33.4597 1.55777e-08 0 0
33.4984 1.55959e-08 0 0
33.5371 1.56141e-08 0 0
33.5758 1.56322e-08 0 0
33.6144 1.56503e-08 0 0
33.6531 1.56684e-08 0 0
33.6918 1.56865e-08 0 0
33.7305 1.57045e-08 0 0
33.7692 1.57226e-08 0 0
33.8078 1.57406e-08 0 0
33.8465 1.57585e-08 0 0
33.8852 1.57765e-08 0 0
33.9239 1.57944e-08 0 0
33.9626 1.58123e-08 0 0
34.0012 1.58302e-08 0 0
34.0399 1.58481e-08 0 0
34.0786 1.58659e-08 0 0
34.1173 1.58837e-08 0 0
34.156 1.59015e-08 0 0
34.1947 1.59193e-08 0 0
34.2333 1.5937e-08 0 0
34.272 1.59547e-08 0 0
34.3107 1.59724e-08 0 0
34.3494 1.59901e-08 0 0
34.3881 1.60077e-08 0 0
34.4267 1.60253e-08 0 0
34.4654 1.60429e-08 0 0
34.5041 1.60604e-08 0 0
34.5428 1.60779e-08 0 0
34.5815 1.60954e-08 0 0
34.6202 1.61129e-08 0 0
34.6588 1.61303e-08 0 0
34.6975 1.61477e-08 0 0
34.7362 1.61651e-08 0 0
34.7749 1.61824e-08 0 0
34.8136 1.61997e-08 0 0
34.8522 1.6217e-08 0 0
34.8909 1.62342e-08 0 0
34.9296 1.62514e-08 0 0
34.9683 1.62686e-08 0 0
35.007 1.62858e-08 0 0
35.0457 1.63029e-08 0 0
35.0843 1.632e-08 0 0
35.123 1.6337e-08 0 0
35.1617 1.63541e-08 0 0
35.2004 1.6371e-08 0 0
35.2391 1.6388e-08 0 0
35.2777 1.64049e-08 0 0
35.3164 1.64218e-08 0 0
35.3551 1.64387e-08 0 0
35.3938 1.64555e-08 0 0
35.4325 1.64722e-08 0 0
35.4712 1.6489e-08 0 0
35.5098 1.65057e-08 0 0
35.5485 1.65224e-08 0 0
35.5872 1.6539e-08 0 0
35.6259 1.65556e-08 0 0
35.6646 1.65721e-08 0 0
35.7032 1.65887e-08 0 0
35.7419 1.66051e-08 0 0
35.7806 1.66216e-08 0 0
35.8193 1.6638e-08 0 0
35.858 1.66544e-08 0 0
35.8967 1.66707e-08 0 0
35.9353 1.6687e-08 0 0
35.974 1.67032e-08 0 0
36.0127 1.67194e-08 0 0
36.0514 1.67356e-08 0 0
36.0901 1.67517e-08 0 0
36.1287 1.67678e-08 0 0
36.1674 1.67839e-08 0 0
36.2061 1.67999e-08 0 0
36.2448 1.68158e-08 0 0
36.2835 1.68317e-08 0 0
36.3222 1.68476e-08 0 0
36.3608 1.68635e-08 0 0
36.3995 1.68792e-08 0 0
36.4382 1.6895e-08 0 0
36.4769 1.69107e-08 0 0
36.5156 1.69263e-08 0 0
36.5542 1.6942e-08 0 0
36.5929 1.69575e-08 0 0
36.6316 1.69731e-08 0 0
36.6703 1.69885e-08 0 0
36.709 1.7004e-08 0 0
36.7477 1.70193e-08 0 0
36.7863 1.70347e-08 0 0
36.825 1.705e-08 0 0
36.8637 1.70652e-08 0 0
36.9024 1.70804e-08 0 0
36.9411 1.70956e-08 0 0
36.9797 1.71107e-08 0 0
37.0184 1.71257e-08 0 0
37.0571 1.71407e-08 0 0
37.0958 1.71557e-08 0 0
37.1345 1.71706e-08 0 0
37.1732 1.71855e-08 0 0
37.2118 1.72003e-08 0 0
37.2505 1.7215e-08 0 0
37.2892 1.72298e-08 0 0
37.3279 1.72444e-08 0 0
37.3666 1.7259e-08 0 0
37.4052 1.72736e-08 0 0
37.4439 1.72881e-08 0 0
37.4826 1.73025e-08 0 0
37.5213 1.73169e-08 0 0
37.56 1.73313e-08 0 0
37.5987 1.73456e-08 0 0
37.6373 1.73598e-08 0 0
37.676 1.7374e-08 0 0
37.7147 1.73882e-08 0 0
37.7534 1.74023e-08 0 0
37.7921 1.74163e-08 0 0
37.8307 1.74303e-08 0 0
37.8694 1.74442e-08 0 0
37.9081 1.74581e-08 0 0
37.9468 1.74719e-08 0 0
37.9855 1.74856e-08 0 0
38.0242 1.74993e-08 0 0
38.0628 1.7513e-08 0 0
38.1015 1.75266e-08 0 0
38.1402 1.75401e-08 0 0
38.1789 1.75536e-08 0 0
38.2176 1.7567e-08 0 0
38.2562 1.75804e-08 0 0
38.2949 1.75937e-08 0 0
38.3336 1.76069e-08 0 0
38.3723 1.76201e-08 0 0
38.411 1.76332e-08 0 0
38.4496 1.76463e-08 0 0
38.4883 1.76593e-08 0 0
38.527 1.76723e-08 0 0
38.5657 1.76852e-08 0 0
38.6044 1.7698e-08 0 0
38.6431 1.77108e-08 0 0
38.6817 1.77235e-08 0 0
38.7204 1.77362e-08 0 0
38.7591 1.77488e-08 0 0
38.7978 1.77613e-08 0 0
38.8365 1.77738e-08 0 0
38.8751 1.77862e-08 0 0
38.9138 1.77985e-08 0 0
38.9525 1.78108e-08 0 0
38.9912 1.7823e-08 0 0
39.0299 1.78352e-08 0 0
39.0686 1.78473e-08 0 0
39.1072 1.78594e-08 0 0
39.1459 1.78713e-08 0 0
39.1846 1.78832e-08 0 0
39.2233 1.78951e-08 0 0
39.262 1.79069e-08 0 0
39.3006 1.79186e-08 0 0
39.3393 1.79303e-08 0 0
39.378 1.79419e-08 0 0
39.4167 1.79534e-08 0 0
39.4554 1.79649e-08 0 0
39.4941 1.79763e-08 0 0
39.5327 1.79876e-08 0 0
39.5714 1.79989e-08 0 0
39.6101 1.80101e-08 0 0
39.6488 1.80212e-08 0 0
39.6875 1.80323e-08 0 0
39.7261 1.80433e-08 0 0
39.7648 1.80542e-08 0 0
39.8035 1.80651e-08 0 0
39.8422 1.80759e-08 0 0
39.8809 1.80867e-08 0 0
39.9196 1.80973e-08 0 0
39.9582 1.81079e-08 0 0
39.9969 1.81185e-08 0 0
40.0356 1.8129e-08 0 0
40.0743 1.81394e-08 0 0
40.113 1.81497e-08 0 0
40.1516 1.816e-08 0 0
40.1903 1.81702e-08 0 0
40.229 1.81803e-08 0 0
40.2677 1.81904e-08 0 0
40.3064 1.82003e-08 0 0
40.3451 1.82103e-08 0 0
40.3837 1.82201e-08 0 0
40.4224 1.82299e-08 0 0
40.4611 1.82396e-08 0 0
40.4998 1.82493e-08 0 0
40.5385 1.82588e-08 0 0
40.5771 1.82684e-08 0 0
40.6158 1.82778e-08 0 0
40.6545 1.82872e-08 0 0
40.6932 1.82965e-08 0 0
40.7319 1.83057e-08 0 0
40.7706 1.83148e-08 0 0
40.8092 1.83239e-08 0 0
40.8479 1.83329e-08 0 0
40.8866 1.83419e-08 0 0
40.9253 1.83507e-08 0 0
40.964 1.83595e-08 0 0
41.0026 1.83683e-08 0 0
41.0413 1.83769e-08 0 0
41.08 1.83855e-08 0 0
41.1187 1.8394e-08 0 0
41.1574 1.84024e-08 0 0
41.1961 1.84108e-08 0 0
41.2347 1.84191e-08 0 0
41.2734 1.84273e-08 0 0
41.3121 1.84355e-08 0 0
41.3508 1.84435e-08 0 0
41.3895 1.84515e-08 0 0
41.4281 1.84595e-08 0 0
41.4668 1.84673e-08 0 0
41.5055 1.84751e-08 0 0
41.5442 1.84828e-08 0 0
41.5829 1.84905e-08 0 0
41.6216 1.8498e-08 0 0
41.6602 1.85055e-08 0 0
41.6989 1.85129e-08 0 0
41.7376 1.85203e-08 0 0
41.7763 1.85275e-08 0 0
41.815 1.85347e-08 0 0
41.8536 1.85419e-08 0 0
41.8923 1.85489e-08 0 0
41.931 1.85559e-08 0 0
41.9697 1.85628e-08 0 0
42.0084 1.85696e-08 0 0
42.0471 1.85764e-08 0 0
42.0857 1.8583e-08 0 0
42.1244 1.85896e-08 0 0
42.1631 1.85962e-08 0 0
42.2018 1.86026e-08 0 0
42.2405 1.8609e-08 0 0
42.2791 1.86153e-08 0 0
42.3178 1.86215e-08 0 0
42.3565 1.86277e-08 0 0
42.3952 1.86338e-08 0 0
42.4339 1.86398e-08 0 0
42.4726 1.86457e-08 0 0
42.5112 1.86515e-08 0 0
42.5499 1.86573e-08 0 0
42.5886 1.8663e-08 0 0
42.6273 1.86687e-08 0 0
42.666 1.86742e-08 0 0
42.7046 1.86797e-08 0 0
42.7433 1.86851e-08 0 0
42.782 1.86904e-08 0 0
42.8207 1.86957e-08 0 0
42.8594 1.87009e-08 0 0
42.898 1.8706e-08 0 0
42.9367 1.8711e-08 0 0
42.9754 1.87159e-08 0 0
43.0141 1.87208e-08 0 0
43.0528 1.87256e-08 0 0
43.0915 1.87303e-08 0 0
43.1301 1.8735e-08 0 0
43.1688 1.87396e-08 0 0
43.2075 1.87441e-08 0 0
43.2462 1.87485e-08 0 0
43.2849 1.87529e-08 0 0
43.3235 1.87571e-08 0 0
43.3622 1.87613e-08 0 0
43.4009 1.87655e-08 0 0
43.4396 1.87695e-08 0 0
43.4783 1.87735e-08 0 0
43.517 1.87774e-08 0 0
43.5556 1.87812e-08 0 0
43.5943 1.8785e-08 0 0
43.633 1.87886e-08 0 0
43.6717 1.87922e-08 0 0
43.7104 1.87958e-08 0 0
43.749 1.87992e-08 0 0
43.7877 1.88026e-08 0 0
43.8264 1.88059e-08 0 0
43.8651 1.88091e-08 0 0
43.9038 1.88123e-08 0 0
43.9425 1.88154e-08 0 0
43.9811 1.88184e-08 0 0
44.0198 1.88213e-08 0 0
44.0585 1.88241e-08 0 0
44.0972 1.88269e-08 0 0
44.1359 1.88296e-08 0 0
44.1745 1.88323e-08 0 0
44.2132 1.88348e-08 0 0
44.2519 1.88373e-08 0 0
44.2906 1.88397e-08 0 0
44.3293 1.8842e-08 0 0
44.368 1.88443e-08 0 0
44.4066 1.88465e-08 0 0
44.4453 1.88486e-08 0 0
44.484 1.88506e-08 0 0
44.5227 1.88526e-08 5.83294e-13 0
44.5614 1.88545e-08 1.2202e-12 0
44.6 1.88563e-08 1.88032e-12 0
44.6387 1.88581e-08 2.55641e-12 0
44.6774 1.88597e-08 3.24487e-12 0
44.7161 1.88613e-08 3.94355e-12 0
44.7548 1.88629e-08 4.651e-12 0
44.7935 1.88643e-08 5.36615e-12 0
44.8321 1.88657e-08 6.08823e-12 0
44.8708 1.8867e-08 6.81659e-12 0
44.9095 1.88682e-08 7.55074e-12 0
44.9482 1.88694e-08 8.29027e-12 0
44.9869 1.88705e-08 9.03481e-12 0
45.0255 1.88715e-08 9.78409e-12 0
45.0642 1.88724e-08 1.05378e-11 0
45.1029 1.88733e-08 1.12958e-11 0
45.1416 1.88741e-08 1.20579e-11 0
45.1803 1.88748e-08 1.28238e-11 0
45.219 1.88755e-08 1.35935e-11 0
45.2576 1.88761e-08 1.43668e-11 0
45.2963 1.88766e-08 1.51435e-11 0
45.335 1.8877e-08 1.59236e-11 0
45.3737 1.88774e-08 1.67069e-11 0
45.4124 1.88777e-08 1.74934e-11 0
45.451 1.88779e-08 1.8283e-11 0
45.4897 1.88781e-08 1.90755e-11 0
45.5284 1.88782e-08 1.9871e-11 0
45.5671 1.88782e-08 2.06693e-11 0
45.6058 1.88781e-08 2.14704e-11 0
45.6445 1.8878e-08 2.22743e-11 0
45.6831 1.88778e-08 2.30808e-11 0
45.7218 1.88775e-08 2.38899e-11 0
45.7605 1.88772e-08 2.47016e-11 0
45.7992 1.88768e-08 2.55158e-11 0
45.8379 1.88763e-08 2.63325e-11 0
45.8765 1.88758e-08 2.71516e-11 0
45.9152 1.88752e-08 2.79732e-11 0
45.9539 1.88745e-08 2.87971e-11 0
45.9926 1.88737e-08 2.96233e-11 0
46.0313 1.88729e-08 3.04519e-11 0
46.07 1.8872e-08 3.12827e-11 0
46.1086 1.88711e-08 3.21158e-11 0
46.1473 1.887e-08 3.2951e-11 0
46.186 1.88689e-08 3.37885e-11 0
46.2247 1.88678e-08 3.46281e-11 0
46.2634 1.88665e-08 3.54699e-11 0
46.302 1.88652e-08 3.63138e-11 0
46.3407 1.88639e-08 3.71598e-11 0
46.3794 1.88624e-08 3.80079e-11 0
46.4181 1.88609e-08 3.8858e-11 0
46.4568 1.88594e-08 3.97101e-11 0
46.4955 1.88577e-08 4.05643e-11 0
46.5341 1.8856e-08 4.14204e-11 0
46.5728 1.88543e-08 4.22786e-11 0
46.6115 1.88524e-08 4.31387e-11 0
46.6502 1.88505e-08 4.40007e-11 0
46.6889 1.88485e-08 4.48647e-11 0
46.7275 1.88465e-08 4.57307e-11 0
46.7662 1.88444e-08 4.65985e-11 0
46.8049 1.88422e-08 4.74682e-11 0
46.8436 1.884e-08 4.83398e-11 0
46.8823 1.88377e-08 4.92132e-11 0
46.921 1.88354e-08 5.00886e-11 0
46.9596 1.88329e-08 5.09657e-11 0
46.9983 1.88304e-08 5.18447e-11 0
47.037 1.88279e-08 5.27255e-11 0
47.0757 1.88253e-08 5.36082e-11 0
47.1144 1.88226e-08 5.44926e-11 0
47.153 1.88198e-08 5.53788e-11 0
47.1917 1.8817e-08 5.62668e-11 0
47.2304 1.88142e-08 5.71566e-11 0
47.2691 1.88112e-08 5.80481e-11 0
47.3078 1.88082e-08 5.89414e-11 0
47.3464 1.88052e-08 5.98364e-11 0
47.3851 1.8802e-08 6.07332e-11 0
47.4238 1.87989e-08 6.16317e-11 0
47.4625 1.87956e-08 6.2532e-11 0
47.5012 1.87923e-08 6.34339e-11 0
47.5399 1.87889e-08 6.43376e-11 0
47.5785 1.87855e-08 6.52429e-11 0
47.6172 1.8782e-08 6.615e-11 0
47.6559 1.87784e-08 6.70587e-11 0
47.6946 1.87748e-08 6.79691e-11 0
47.7333 1.87712e-08 6.88812e-11 0
47.7719 1.87674e-08 6.9795e-11 0
47.8106 1.87636e-08 7.07104e-11 0
47.8493 1.87598e-08 7.16275e-11 0
47.888 1.87558e-08 7.25463e-11 0
47.9267 1.87519e-08 7.34666e-11 0
47.9654 1.87478e-08 7.43887e-11 0
48.004 1.87437e-08 7.53123e-11 0
48.0427 1.87396e-08 7.62376e-11 0
48.0814 1.87354e-08 7.71646e-11 0
48.1201 1.87311e-08 7.80931e-11 0
48.1588 1.87268e-08 7.90233e-11 0
48.1974 1.87224e-08 7.99551e-11 0
48.2361 1.87179e-08 8.08884e-11 0
48.2748 1.87134e-08 8.18234e-11 0
48.3135 1.87089e-08 8.276e-11 0
48.3522 1.87042e-08 8.36982e-11 0
48.3909 1.86996e-08 8.4638e-11 0
48.4295 1.86948e-08 8.55794e-11 0
48.4682 1.86901e-08 8.65223e-11 0
48.5069 1.86852e-08 8.74669e-11 0
48.5456 1.86803e-08 8.8413e-11 0
48.5843 1.86754e-08 8.93607e-11 0
48.6229 1.86703e-08 9.03099e-11 0
48.6616 1.86653e-08 9.12607e-11 0
48.7003 1.86602e-08 9.22131e-11 0
48.739 1.8655e-08 9.31671e-11 0
48.7777 1.86497e-08 9.41226e-11 0
48.8164 1.86445e-08 9.50796e-11 0
48.855 1.86391e-08 9.60382e-11 0
48.8937 1.86337e-08 9.69984e-11 0
48.9324 1.86283e-08 9.79601e-11 0
48.9711 1.86228e-08 9.89234e-11 0
49.0098 1.86172e-08 9.98882e-11 0
49.0484 1.86116e-08 1.00854e-10 0
49.0871 1.8606e-08 1.01822e-10 0
49.1258 1.86003e-08 1.02792e-10 0
49.1645 1.85945e-08 1.03763e-10 0
49.2032 1.85887e-08 1.04735e-10 0
49.2419 1.85828e-08 1.05709e-10 0
49.2805 1.85769e-08 1.06685e-10 0
49.3192 1.85709e-08 1.07662e-10 0
49.3579 1.85649e-08 1.0864e-10 0
49.3966 1.85588e-08 1.0962e-10 0
49.4353 1.85527e-08 1.10602e-10 0
49.4739 1.85465e-08 1.11585e-10 0
49.5126 1.85403e-08 1.12569e-10 0
49.5513 1.8534e-08 1.13556e-10 0
49.59 1.85277e-08 1.14543e-10 0
49.6287 1.85213e-08 1.15532e-10 0
49.6674 1.85149e-08 1.16523e-10 0
49.706 1.85085e-08 1.17515e-10 0
49.7447 1.85019e-08 1.18509e-10 0
49.7834 1.84954e-08 1.19504e-10 0
49.8221 1.84888e-08 1.205e-10 0
49.8608 1.84821e-08 1.21498e-10 0
49.8994 1.84754e-08 1.22498e-10 0
49.9381 1.84686e-08 1.23499e-10 0
49.9768 1.84618e-08 1.24502e-10 0
50.0155 1.8455e-08 1.25506e-10 0
50.0542 1.84481e-08 1.26511e-10 0
50.0929 1.84412e-08 1.27518e-10 0
50.1315 1.84342e-08 1.28527e-10 0
50.1702 1.84271e-08 1.29537e-10 0
50.2089 1.842e-08 1.30548e-10 0
50.2476 1.84129e-08 1.31561e-10 0
50.2863 1.84058e-08 1.32576e-10 0
50.3249 1.83985e-08 1.33592e-10 0
50.3636 1.83913e-08 1.34609e-10 0
50.4023 1.8384e-08 1.35628e-10 0
50.441 1.83766e-08 1.36648e-10 0
50.4797 1.83692e-08 1.3767e-10 0
50.5184 1.83618e-08 1.38693e-10 0
50.557 1.83543e-08 1.39718e-10 0
50.5957 1.83468e-08 1.40744e-10 0
50.6344 1.83392e-08 1.41772e-10 0
50.6731 1.83316e-08 1.42801e-10 0
50.7118 1.8324e-08 1.43831e-10 0
50.7504 1.83163e-08 1.44863e-10 0
50.7891 1.83085e-08 1.45897e-10 0
50.8278 1.83008e-08 1.46932e-10 0
50.8665 1.8293e-08 1.47968e-10 0
50.9052 1.82851e-08 1.49006e-10 0
50.9439 1.82772e-08 1.50045e-10 0
50.9825 1.82693e-08 1.51086e-10 0
51.0212 1.82613e-08 1.52128e-10 0
51.0599 1.82533e-08 1.53172e-10 0
51.0986 1.82452e-08 1.54217e-10 0
51.1373 1.82371e-08 1.55264e-10 0
51.1759 1.8229e-08 1.56312e-10 0
51.2146 1.82208e-08 1.57361e-10 0
51.2533 1.82126e-08 1.58412e-10 0
51.292 1.82043e-08 1.59465e-10 0
51.3307 1.8196e-08 1.60518e-10 0
51.3694 1.81877e-08 1.61574e-10 0
51.408 1.81793e-08 1.6263e-10 0
51.4467 1.81709e-08 1.63688e-10 0
51.4854 1.81625e-08 1.64748e-10 0
51.5241 1.8154e-08 1.65809e-10 0
51.5628 1.81455e-08 1.66872e-10 0
51.6014 1.81369e-08 1.67935e-10 0
51.6401 1.81283e-08 1.69001e-10 0
51.6788 1.81197e-08 1.70068e-10 0
51.7175 1.8111e-08 1.71136e-10 0
51.7562 1.81023e-08 1.72205e-10 0
51.7949 1.80936e-08 1.73276e-10 0
51.8335 1.80848e-08 1.74349e-10 0
51.8722 1.8076e-08 1.75423e-10 0
51.9109 1.80672e-08 1.76498e-10 0
51.9496 1.80583e-08 1.77575e-10 0
51.9883 1.80494e-08 1.78653e-10 0
52.0269 1.80404e-08 1.79733e-10 0
52.0656 1.80315e-08 1.80814e-10 0
52.1043 1.80224e-08 1.81897e-10 0
52.143 1.80134e-08 1.82981e-10 0
52.1817 1.80043e-08 1.84066e-10 0
52.2203 1.79952e-08 1.85153e-10 0
52.259 1.79861e-08 1.86241e-10 0
52.2977 1.79769e-08 1.87331e-10 0
52.3364 1.79677e-08 1.88422e-10 0
52.3751 1.79584e-08 1.89514e-10 0
52.4138 1.79492e-08 1.90608e-10 0
52.4524 1.79399e-08 1.91703e-10 0
52.4911 1.79305e-08 1.928e-10 0
52.5298 1.79212e-08 1.93898e-10 0
52.5685 1.79118e-08 1.94998e-10 0
52.6072 1.79023e-08 1.96099e-10 0
52.6458 1.78929e-08 1.97201e-10 0
52.6845 1.78834e-08 1.98305e-10 0
52.7232 1.78739e-08 1.9941e-10 0
52.7619 1.78643e-08 2.00517e-10 0
52.8006 1.78548e-08 2.01625e-10 0
52.8393 1.78452e-08 2.02735e-10 0
52.8779 1.78355e-08 2.03846e-10 0
52.9166 1.78259e-08 2.04958e-10 0
52.9553 1.78162e-08 2.06072e-10 0
52.994 1.78065e-08 2.07187e-10 0
53.0327 1.77967e-08 2.08303e-10 0
53.0713 1.77869e-08 2.09421e-10 0
53.11 1.77771e-08 2.10541e-10 0
53.1487 1.77673e-08 2.11661e-10 0
53.1874 1.77574e-08 2.12783e-10 0
53.2261 1.77476e-08 2.13907e-10 0
53.2648 1.77377e-08 2.15032e-10 0
53.3034 1.77277e-08 2.16158e-10 0
53.3421 1.77178e-08 2.17286e-10 0
53.3808 1.77078e-08 2.18415e-10 0
53.4195 1.76978e-08 2.19546e-10 0
53.4582 1.76877e-08 2.20678e-10 0
53.4968 1.76776e-08 2.21811e-10 0
53.5355 1.76676e-08 2.22946e-10 0
53.5742 1.76574e-08 2.24082e-10 0
53.6129 1.76473e-08 2.2522e-10 0
53.6516 1.76371e-08 2.26359e-10 0
53.6903 1.7627e-08 2.27499e-10 0
53.7289 1.76167e-08 2.28641e-10 0
53.7676 1.76065e-08 2.29784e-10 0
53.8063 1.75962e-08 2.30928e-10 0
53.845 1.7586e-08 2.32074e-10 0
53.8837 1.75757e-08 2.33222e-10 0
53.9223 1.75653e-08 2.3437e-10 0
53.961 1.7555e-08 2.3552e-10 0
53.9997 1.75446e-08 2.36672e-10 0
54.0384 1.75342e-08 2.37825e-10 0
54.0771 1.75238e-08 2.38979e-10 0
54.1158 1.75133e-08 2.40135e-10 0
54.1544 1.75029e-08 2.41292e-10 0
54.1931 1.74924e-08 2.4245e-10 0
54.2318 1.74819e-08 2.4361e-10 0
54.2705 1.74714e-08 2.44771e-10 0
54.3092 1.74608e-08 2.45933e-10 0
54.3478 1.74503e-08 2.47097e-10 0
54.3865 1.74397e-08 2.48263e-10 0
54.4252 1.74291e-08 2.49429e-10 0
54.4639 1.74184e-08 2.50597e-10 0
54.5026 1.74078e-08 2.51767e-10 0
54.5413 1.73971e-08 2.52938e-10 0
54.5799 1.73864e-08 2.5411e-10 0
54.6186 1.73757e-08 2.55283e-10 0
54.6573 1.7365e-08 2.56458e-10 0
54.696 1.73543e-08 2.57635e-10 0
54.7347 1.73435e-08 2.58812e-10 0
54.7733 1.73327e-08 2.59991e-10 0
54.812 1.73219e-08 2.61172e-10 0
54.8507 1.73111e-08 2.62354e-10 0
54.8894 1.73003e-08 2.63537e-10 0
54.9281 1.72894e-08 2.64721e-10 0
54.9668 1.72785e-08 2.65907e-10 0
55.0054 1.72677e-08 2.67094e-10 0
55.0441 1.72567e-08 2.68283e-10 0
55.0828 1.72458e-08 2.69473e-10 0
55.1215 1.72349e-08 2.70664e-10 0
55.1602 1.72239e-08 2.71857e-10 0
55.1988 1.7213e-08 2.73051e-10 0
55.2375 1.7202e-08 2.74246e-10 0
55.2762 1.7191e-08 2.75443e-10 0
55.3149 1.718e-08 2.76641e-10 0
55.3536 1.71689e-08 2.77841e-10 0
55.3923 1.71579e-08 2.79042e-10 0
55.4309 1.71468e-08 2.80244e-10 0
55.4696 1.71357e-08 2.81447e-10 0
55.5083 1.71246e-08 2.82652e-10 0
55.547 1.71135e-08 2.83858e-10 0
55.5857 1.71024e-08 2.85066e-10 0
55.6243 1.70913e-08 2.86275e-10 0
55.663 1.70801e-08 2.87485e-10 0
55.7017 1.7069e-08 2.88697e-10 0
55.7404 1.70578e-08 2.8991e-10 0
55.7791 1.70466e-08 2.91124e-10 0
55.8178 1.70354e-08 2.9234e-10 0
55.8564 1.70242e-08 2.93557e-10 0
55.8951 1.70129e-08 2.94775e-10 0
55.9338 1.70017e-08 2.95995e-10 0
55.9725 1.69904e-08 2.97216e-10 0
56.0112 1.69792e-08 2.98438e-10 0
56.0498 1.69679e-08 2.99662e-10 0
56.0885 1.69566e-08 3.00887e-10 0
56.1272 1.69453e-08 3.02113e-10 0
56.1659 1.6934e-08 3.03341e-10 0
56.2046 1.69226e-08 3.0457e-10 0
56.2433 1.69113e-08 3.058e-10 0
56.2819 1.68999e-08 3.07032e-10 0
56.3206 1.68886e-08 3.08265e-10 0
56.3593 1.68772e-08 3.09499e-10 0
56.398 1.68658e-08 3.10735e-10 0
56.4367 1.68544e-08 3.11971e-10 0
56.4753 1.6843e-08 3.1321e-10 0
56.514 1.68316e-08 3.14449e-10 0
56.5527 1.68202e-08 3.1569e-10 0
56.5914 1.68087e-08 3.16932e-10 0
56.6301 1.67973e-08 3.18176e-10 0
56.6687 1.67858e-08 3.19421e-10 0
56.7074 1.67744e-08 3.20667e-10 0
56.7461 1.67629e-08 3.21914e-10 0
56.7848 1.67514e-08 3.23163e-10 0
56.8235 1.67399e-08 3.24413e-10 0
56.8622 1.67284e-08 3.25665e-10 0
56.9008 1.67169e-08 3.26917e-10 0
56.9395 1.67054e-08 3.28171e-10 0
56.9782 1.66938e-08 3.29427e-10 0
57.0169 1.66823e-08 3.30683e-10 0
57.0556 1.66708e-08 3.31941e-10 0
57.0942 1.66592e-08 3.332e-10 0
57.1329 1.66477e-08 3.34461e-10 0
57.1716 1.66361e-08 3.35723e-10 0
57.2103 1.66245e-08 3.36986e-10 0
57.249 1.66129e-08 3.3825e-10 0
57.2877 1.66013e-08 3.39516e-10 0
57.3263 1.65897e-08 3.40783e-10 0
57.365 1.65781e-08 3.42051e-10 0
57.4037 1.65665e-08 3.43321e-10 0
57.4424 1.65549e-08 3.44592e-10 0
57.4811 1.65433e-08 3.45864e-10 0
57.5197 1.65317e-08 3.47137e-10 0
57.5584 1.652e-08 3.48412e-10 0
57.5971 1.65084e-08 3.49688e-10 0
57.6358 1.64967e-08 3.50965e-10 0
57.6745 1.64851e-08 3.52243e-10 0
57.7132 1.64734e-08 3.53523e-10 0
57.7518 1.64618e-08 3.54804e-10 0
57.7905 1.64501e-08 3.56087e-10 0
57.8292 1.64384e-08 3.5737e-10 0
57.8679 1.64267e-08 3.58655e-10 0
57.9066 1.6415e-08 3.59941e-10 0
57.9452 1.64034e-08 3.61229e-10 0
57.9839 1.63917e-08 3.62517e-10 0
58.0226 1.638e-08 3.63807e-10 0
58.0613 1.63683e-08 3.65098e-10 0
58.1 1.63566e-08 3.66391e-10 0
58.1387 1.63448e-08 3.67684e-10 0
58.1773 1.63331e-08 3.68979e-10 0
58.216 1.63214e-08 3.70276e-10 0
58.2547 1.63097e-08 3.71573e-10 0
58.2934 1.6298e-08 3.72872e-10 0
58.3321 1.62862e-08 3.74172e-10 0
58.3707 1.62745e-08 3.75473e-10 0
58.4094 1.62627e-08 3.76775e-10 0
58.4481 1.6251e-08 3.78079e-10 0
58.4868 1.62393e-08 3.79384e-10 0
58.5255 1.62275e-08 3.8069e-10 0
58.5642 1.62158e-08 3.81997e-10 0
58.6028 1.6204e-08 3.83306e-10 0
58.6415 1.61923e-08 3.84616e-10 0
58.6802 1.61805e-08 3.85927e-10 0
58.7189 1.61687e-08 3.87239e-10 0
58.7576 1.6157e-08 3.88553e-10 0
58.7962 1.61452e-08 3.89867e-10 0
58.8349 1.61335e-08 3.91183e-10 0
58.8736 1.61217e-08 3.925e-10 0
58.9123 1.61099e-08 3.93819e-10 0
58.951 1.60982e-08 3.95138e-10 0
58.9897 1.60864e-08 3.96459e-10 0
59.0283 1.60746e-08 3.97781e-10 0
59.067 1.60628e-08 3.99105e-10 0
59.1057 1.60511e-08 4.00429e-10 0
59.1444 1.60393e-08 4.01755e-10 0
59.1831 1.60275e-08 4.03082e-10 0
59.2217 1.60157e-08 4.0441e-10 0
59.2604 1.6004e-08 4.05739e-10 0
59.2991 1.59922e-08 4.07069e-10 0
59.3378 1.59804e-08 4.08401e-10 0
59.3765 1.59686e-08 4.09734e-10 0
59.4152 1.59568e-08 4.11068e-10 0
59.4538 1.59451e-08 4.12403e-10 0
59.4925 1.59333e-08 4.1374e-10 0
59.5312 1.59215e-08 4.15077e-10 0
59.5699 1.59097e-08 4.16416e-10 0
59.6086 1.58979e-08 4.17756e-10 0
59.6472 1.58862e-08 4.19097e-10 0
59.6859 1.58744e-08 4.2044e-10 0
59.7246 1.58626e-08 4.21783e-10 0
59.7633 1.58508e-08 4.23128e-10 0
59.802 1.5839e-08 4.24474e-10 0
59.8407 1.58273e-08 4.25821e-10 0
59.8793 1.58155e-08 4.27169e-10 0
59.918 1.58037e-08 4.28518e-10 0
59.9567 1.57919e-08 4.29869e-10 0
59.9954 1.57802e-08 4.3122e-10 0
60.0341 1.57684e-08 4.32573e-10 0
60.0727 1.57566e-08 4.33927e-10 0
60.1114 1.57449e-08 4.35282e-10 0
60.1501 1.57331e-08 4.36638e-10 0
60.1888 1.57213e-08 4.37996e-10 0
60.2275 1.57096e-08 4.39354e-10 0
60.2662 1.56978e-08 4.40714e-10 0
60.3048 1.56861e-08 4.42075e-10 0
60.3435 1.56743e-08 4.43437e-10 0
60.3822 1.56626e-08 4.448e-10 0
60.4209 1.56508e-08 4.46164e-10 0
60.4596 1.56391e-08 4.4753e-10 0
60.4982 1.56273e-08 4.48896e-10 0
60.5369 1.56156e-08 4.50264e-10 0
60.5756 1.56038e-08 4.51632e-10 0
60.6143 1.55921e-08 4.53002e-10 0
60.653 1.55804e-08 4.54373e-10 0
60.6917 1.55686e-08 4.55745e-10 0
60.7303 1.55569e-08 4.57118e-10 0
60.769 1.55452e-08 4.58493e-10 0
60.8077 1.55335e-08 4.59868e-10 0
60.8464 1.55217e-08 4.61245e-10 0
60.8851 1.551e-08 4.62622e-10 0
60.9237 1.54983e-08 4.64001e-10 0
60.9624 1.54866e-08 4.65381e-10 0
61.0011 1.54749e-08 4.66762e-10 0
61.0398 1.54632e-08 4.68144e-10 0
61.0785 1.54515e-08 4.69527e-10 0
61.1171 1.54398e-08 4.70911e-10 0
61.1558 1.54281e-08 4.72296e-10 1.57581e-12
61.1945 1.54164e-08 4.73682e-10 3.15335e-12
61.2332 1.54047e-08 4.7507e-10 4.73263e-12
61.2719 1.53931e-08 4.76458e-10 6.31362e-12
61.3106 1.53814e-08 4.77848e-10 7.89633e-12
61.3492 1.53697e-08 4.79238e-10 9.48074e-12
61.3879 1.53581e-08 4.8063e-10 1.10669e-11
61.4266 1.53464e-08 4.82023e-10 1.26547e-11
61.4653 1.53347e-08 4.83417e-10 1.42441e-11
61.504 1.53231e-08 4.84811e-10 1.58353e-11
61.5426 1.53114e-08 4.86207e-10 1.74281e-11
61.5813 1.52998e-08 4.87604e-10 1.90226e-11
61.62 1.52882e-08 4.89002e-10 2.06187e-11
61.6587 1.52765e-08 4.90401e-10 2.22165e-11
61.6974 1.52649e-08 4.91801e-10 2.38159e-11
61.7361 1.52533e-08 4.93203e-10 2.5417e-11
61.7747 1.52417e-08 4.94605e-10 2.70196e-11
61.8134 1.523e-08 4.96008e-10 2.86239e-11
61.8521 1.52184e-08 4.97412e-10 3.02298e-11
61.8908 1.52068e-08 4.98817e-10 3.18373e-11
61.9295 1.51952e-08 5.00224e-10 3.34463e-11
61.9681 1.51837e-08 5.01631e-10 3.5057e-11
62.0068 1.51721e-08 5.03039e-10 3.66692e-11
62.0455 1.51605e-08 5.04449e-10 3.8283e-11
62.0842 1.51489e-08 5.05859e-10 3.98984e-11
62.1229 1.51373e-08 5.0727e-10 4.15153e-11
62.1616 1.51258e-08 5.08683e-10 4.31337e-11
62.2002 1.51142e-08 5.10096e-10 4.47537e-11
62.2389 1.51027e-08 5.1151e-10 4.63752e-11
62.2776 1.50911e-08 5.12926e-10 4.79983e-11
62.3163 1.50796e-08 5.14342e-10 4.96228e-11
62.355 1.50681e-08 5.1576e-10 5.12489e-11
62.3936 1.50565e-08 5.17178e-10 5.28765e-11
62.4323 1.5045e-08 5.18597e-10 5.45056e-11
62.471 1.50335e-08 5.20018e-10 5.61361e-11
62.5097 1.5022e-08 5.21439e-10 5.77681e-11
62.5484 1.50105e-08 5.22861e-10 5.94017e-11
62.5871 1.4999e-08 5.24284e-10 6.10366e-11
62.6257 1.49875e-08 5.25709e-10 6.26731e-11
62.6644 1.4976e-08 5.27134e-10 6.43109e-11
62.7031 1.49645e-08 5.2856e-10 6.59503e-11
62.7418 1.49531e-08 5.29987e-10 6.7591e-11
62.7805 1.49416e-08 5.31415e-10 6.92332e-11
62.8191 1.49302e-08 5.32844e-10 7.08768e-11
62.8578 1.49187e-08 5.34274e-10 7.25218e-11
62.8965 1.49073e-08 5.35705e-10 7.41683e-11
62.9352 1.48958e-08 5.37137e-10 7.58161e-11
62.9739 1.48844e-08 5.3857e-10 7.74653e-11
63.0126 1.4873e-08 5.40003e-10 7.9116e-11
63.0512 1.48616e-08 5.41438e-10 8.07679e-11
63.0899 1.48502e-08 5.42874e-10 8.24213e-11
63.1286 1.48388e-08 5.4431e-10 8.4076e-11
63.1673 1.48274e-08 5.45748e-10 8.57321e-11
63.206 1.4816e-08 5.47186e-10 8.73896e-11
63.2446 1.48046e-08 5.48625e-10 8.90484e-11
63.2833 1.47932e-08 5.50065e-10 9.07085e-11
63.322 1.47819e-08 5.51506e-10 9.23699e-11
63.3607 1.47705e-08 5.52948e-10 9.40327e-11
63.3994 1.47592e-08 5.54391e-10 9.56968e-11
63.4381 1.47478e-08 5.55835e-10 9.73622e-11
63.4767 1.47365e-08 5.5728e-10 9.90289e-11
63.5154 1.47252e-08 5.58725e-10 1.00697e-10
63.5541 1.47139e-08 5.60172e-10 1.02366e-10
63.5928 1.47026e-08 5.61619e-10 1.04037e-10
63.6315 1.46913e-08 5.63068e-10 1.05709e-10
63.6701 1.468e-08 5.64517e-10 1.07382e-10
63.7088 1.46687e-08 5.65967e-10 1.09056e-10
63.7475 1.46574e-08 5.67418e-10 1.10732e-10
63.7862 1.46461e-08 5.68869e-10 1.12409e-10
63.8249 1.46349e-08 5.70322e-10 1.14087e-10
63.8636 1.46236e-08 5.71775e-10 1.15766e-10
63.9022 1.46124e-08 5.7323e-10 1.17447e-10
63.9409 1.46011e-08 5.74685e-10 1.19129e-10
63.9796 1.45899e-08 5.76141e-10 1.20812e-10
64.0183 1.45787e-08 5.77598e-10 1.22496e-10
64.057 1.45675e-08 5.79055e-10 1.24181e-10
64.0956 1.45563e-08 5.80514e-10 1.25868e-10
64.1343 1.45451e-08 5.81973e-10 1.27556e-10
64.173 1.45339e-08 5.83434e-10 1.29245e-10
64.2117 1.45227e-08 5.84895e-10 1.30935e-10
64.2504 1.45116e-08 5.86357e-10 1.32626e-10
64.2891 1.45004e-08 5.87819e-10 1.34319e-10
64.3277 1.44892e-08 5.89283e-10 1.36013e-10
64.3664 1.44781e-08 5.90747e-10 1.37707e-10
64.4051 1.4467e-08 5.92212e-10 1.39403e-10
64.4438 1.44558e-08 5.93678e-10 1.41101e-10
64.4825 1.44447e-08 5.95145e-10 1.42799e-10
64.5211 1.44336e-08 5.96612e-10 1.44498e-10
64.5598 1.44225e-08 5.98081e-10 1.46199e-10
64.5985 1.44114e-08 5.9955e-10 1.479e-10
64.6372 1.44003e-08 6.0102e-10 1.49603e-10
64.6759 1.43893e-08 6.0249e-10 1.51307e-10
64.7146 1.43782e-08 6.03962e-10 1.53012e-10
64.7532 1.43671e-08 6.05434e-10 1.54718e-10
64.7919 1.43561e-08 6.06907e-10 1.56425e-10
64.8306 1.43451e-08 6.08381e-10 1.58133e-10
64.8693 1.4334e-08 6.09855e-10 1.59842e-10
64.908 1.4323e-08 6.11331e-10 1.61552e-10
64.9466 1.4312e-08 6.12807e-10 1.63263e-10
64.9853 1.4301e-08 6.14283e-10 1.64976e-10
65.024 1.429e-08 6.15761e-10 1.66689e-10
65.0627 1.4279e-08 6.17239e-10 1.68404e-10
65.1014 1.42681e-08 6.18718e-10 1.70119e-10
65.1401 1.42571e-08 6.20198e-10 1.71836e-10
65.1787 1.42461e-08 6.21678e-10 1.73553e-10
65.2174 1.42352e-08 6.2316e-10 1.75272e-10
65.2561 1.42243e-08 6.24642e-10 1.76991e-10
65.2948 1.42133e-08 6.26124e-10 1.78712e-10
65.3335 1.42024e-08 6.27608e-10 1.80433e-10
65.3721 1.41915e-08 6.29092e-10 1.82156e-10
65.4108 1.41806e-08 6.30576e-10 1.83879e-10
65.4495 1.41697e-08 6.32062e-10 1.85604e-10
65.4882 1.41588e-08 6.33548e-10 1.87329e-10
65.5269 1.4148e-08 6.35035e-10 1.89055e-10
65.5655 1.41371e-08 6.36522e-10 1.90783e-10
65.6042 1.41263e-08 6.38011e-10 1.92511e-10
65.6429 1.41154e-08 6.395e-10 1.9424e-10
65.6816 1.41046e-08 6.40989e-10 1.9597e-10
65.7203 1.40938e-08 6.42479e-10 1.97702e-10
65.759 1.4083e-08 6.4397e-10 1.99434e-10
65.7976 1.40722e-08 6.45462e-10 2.01167e-10
65.8363 1.40614e-08 6.46954e-10 2.029e-10
65.875 1.40506e-08 6.48447e-10 2.04635e-10
65.9137 1.40398e-08 6.49941e-10 2.06371e-10
65.9524 1.40291e-08 6.51435e-10 2.08107e-10
65.991 1.40183e-08 6.5293e-10 2.09845e-10
66.0297 1.40076e-08 6.54425e-10 2.11583e-10
66.0684 1.39968e-08 6.55921e-10 2.13322e-10
66.1071 1.39861e-08 6.57418e-10 2.15063e-10
66.1458 1.39754e-08 6.58916e-10 2.16804e-10
66.1845 1.39647e-08 6.60414e-10 2.18545e-10
66.2231 1.3954e-08 6.61912e-10 2.20288e-10
66.2618 1.39433e-08 6.63411e-10 2.22032e-10
66.3005 1.39327e-08 6.64911e-10 2.23776e-10
66.3392 1.3922e-08 6.66412e-10 2.25521e-10
66.3779 1.39114e-08 6.67913e-10 2.27267e-10
66.4165 1.39007e-08 6.69414e-10 2.29014e-10
66.4552 1.38901e-08 6.70917e-10 2.30762e-10
66.4939 1.38795e-08 6.7242e-10 2.3251e-10
66.5326 1.38689e-08 6.73923e-10 2.3426e-10
66.5713 1.38583e-08 6.75427e-10 2.3601e-10
66.61 1.38477e-08 6.76931e-10 2.37761e-10
66.6486 1.38371e-08 6.78437e-10 2.39513e-10
66.6873 1.38265e-08 6.79942e-10 2.41265e-10
66.726 1.3816e-08 6.81449e-10 2.43018e-10
66.7647 1.38054e-08 6.82955e-10 2.44772e-10
66.8034 1.37949e-08 6.84463e-10 2.46527e-10
66.842 1.37844e-08 6.85971e-10 2.48283e-10
66.8807 1.37738e-08 6.87479e-10 2.50039e-10
66.9194 1.37633e-08 6.88988e-10 2.51796e-10
66.9581 1.37528e-08 6.90498e-10 2.53554e-10
66.9968 1.37424e-08 6.92008e-10 2.55313e-10
67.0355 1.37319e-08 6.93518e-10 2.57072e-10
67.0741 1.37214e-08 6.95029e-10 2.58832e-10
67.1128 1.3711e-08 6.96541e-10 2.60593e-10
67.1515 1.37005e-08 6.98053e-10 2.62355e-10
67.1902 1.36901e-08 6.99566e-10 2.64117e-10
67.2289 1.36797e-08 7.01079e-10 2.6588e-10
67.2675 1.36692e-08 7.02592e-10 2.67643e-10
67.3062 1.36588e-08 7.04106e-10 2.69408e-10
67.3449 1.36485e-08 7.05621e-10 2.71173e-10
67.3836 1.36381e-08 7.07136e-10 2.72939e-10
67.4223 1.36277e-08 7.08652e-10 2.74705e-10
67.461 1.36174e-08 7.10168e-10 2.76472e-10
67.4996 1.3607e-08 7.11684e-10 2.7824e-10
67.5383 1.35967e-08 7.13201e-10 2.80008e-10
67.577 1.35863e-08 7.14719e-10 2.81778e-10
67.6157 1.3576e-08 7.16236e-10 2.83547e-10
67.6544 1.35657e-08 7.17755e-10 2.85318e-10
67.693 1.35554e-08 7.19274e-10 2.87089e-10
67.7317 1.35451e-08 7.20793e-10 2.88861e-10
67.7704 1.35349e-08 7.22312e-10 2.90633e-10
67.8091 1.35246e-08 7.23833e-10 2.92406e-10
67.8478 1.35144e-08 7.25353e-10 2.94179e-10
67.8865 1.35041e-08 7.26874e-10 2.95954e-10
67.9251 1.34939e-08 7.28395e-10 2.97729e-10
67.9638 1.34837e-08 7.29917e-10 2.99504e-10
68.0025 1.34735e-08 7.31439e-10 3.0128e-10
68.0412 1.34633e-08 7.32962e-10 3.03057e-10
68.0799 1.34531e-08 7.34485e-10 3.04834e-10
68.1185 1.34429e-08 7.36008e-10 3.06612e-10
68.1572 1.34327e-08 7.37532e-10 3.0839e-10
68.1959 1.34226e-08 7.39056e-10 3.10169e-10
68.2346 1.34124e-08 7.4058e-10 3.11949e-10
68.2733 1.34023e-08 7.42105e-10 3.13729e-10
68.312 1.33922e-08 7.43631e-10 3.1551e-10
68.3506 1.33821e-08 7.45156e-10 3.17291e-10
68.3893 1.3372e-08 7.46682e-10 3.19073e-10
68.428 1.33619e-08 7.48208e-10 3.20855e-10
68.4667 1.33518e-08 7.49735e-10 3.22638e-10
68.5054 1.33417e-08 7.51262e-10 3.24421e-10
68.544 1.33317e-08 7.52789e-10 3.26205e-10
68.5827 1.33216e-08 7.54317e-10 3.2799e-10
68.6214 1.33116e-08 7.55845e-10 3.29775e-10
68.6601 1.33016e-08 7.57374e-10 3.31561e-10
68.6988 1.32916e-08 7.58902e-10 3.33347e-10
68.7375 1.32816e-08 7.60431e-10 3.35133e-10
68.7761 1.32716e-08 7.6196e-10 3.3692e-10
68.8148 1.32616e-08 7.6349e-10 3.38708e-10
68.8535 1.32516e-08 7.6502e-10 3.40496e-10
68.8922 1.32417e-08 7.6655e-10 3.42285e-10
68.9309 1.32317e-08 7.68081e-10 3.44074e-10
68.9695 1.32218e-08 7.69611e-10 3.45863e-10
69.0082 1.32119e-08 7.71142e-10 3.47653e-10
69.0469 1.3202e-08 7.72674e-10 3.49444e-10
69.0856 1.31921e-08 7.74205e-10 3.51235e-10
69.1243 1.31822e-08 7.75737e-10 3.53026e-10
69.163 1.31723e-08 7.77269e-10 3.54818e-10
69.2016 1.31624e-08 7.78802e-10 3.5661e-10
69.2403 1.31526e-08 7.80334e-10 3.58403e-10
69.279 1.31427e-08 7.81867e-10 3.60196e-10
69.3177 1.31329e-08 7.834e-10 3.6199e-10
69.3564 1.3123e-08 7.84933e-10 3.63784e-10
69.395 1.31132e-08 7.86467e-10 3.65578e-10
69.4337 1.31034e-08 7.88001e-10 3.67373e-10
69.4724 1.30936e-08 7.89535e-10 3.69169e-10
69.5111 1.30839e-08 7.91069e-10 3.70965e-10
69.5498 1.30741e-08 7.92603e-10 3.72761e-10
69.5885 1.30643e-08 7.94138e-10 3.74557e-10
69.6271 1.30546e-08 7.95673e-10 3.76354e-10
69.6658 1.30448e-08 7.97208e-10 3.78152e-10
69.7045 1.30351e-08 7.98743e-10 3.79949e-10
69.7432 1.30254e-08 8.00278e-10 3.81748e-10
69.7819 1.30157e-08 8.01814e-10 3.83546e-10
69.8205 1.3006e-08 8.0335e-10 3.85345e-10
69.8592 1.29963e-08 8.04886e-10 3.87144e-10
69.8979 1.29867e-08 8.06422e-10 3.88944e-10
69.9366 1.2977e-08 8.07958e-10 3.90744e-10
69.9753 1.29674e-08 8.09494e-10 3.92544e-10
70.0139 1.29577e-08 8.11031e-10 3.94345e-10
70.0526 1.29481e-08 8.12568e-10 3.96146e-10
70.0913 1.29385e-08 8.14104e-10 3.97947e-10
70.13 1.29289e-08 8.15641e-10 3.99749e-10
70.1687 1.29193e-08 8.17178e-10 4.01551e-10
70.2074 1.29097e-08 8.18716e-10 4.03354e-10
70.246 1.29001e-08 8.20253e-10 4.05156e-10
70.2847 1.28906e-08 8.2179e-10 4.0696e-10
70.3234 1.2881e-08 8.23328e-10 4.08763e-10
70.3621 1.28715e-08 8.24866e-10 4.10567e-10
70.4008 1.2862e-08 8.26403e-10 4.12371e-10
70.4394 1.28525e-08 8.27941e-10 4.14175e-10
70.4781 1.2843e-08 8.29479e-10 4.1598e-10
70.5168 1.28335e-08 8.31017e-10 4.17785e-10
70.5555 1.2824e-08 8.32555e-10 4.1959e-10
70.5942 1.28145e-08 8.34093e-10 4.21395e-10
70.6329 1.28051e-08 8.35631e-10 4.23201e-10
70.6715 1.27956e-08 8.3717e-10 4.25007e-10
70.7102 1.27862e-08 8.38708e-10 4.26813e-10
70.7489 1.27768e-08 8.40246e-10 4.2862e-10
70.7876 1.27673e-08 8.41785e-10 4.30427e-10
70.8263 1.27579e-08 8.43323e-10 4.32234e-10
70.8649 1.27485e-08 8.44861e-10 4.34041e-10
70.9036 1.27392e-08 8.464e-10 4.35849e-10
70.9423 1.27298e-08 8.47938e-10 4.37657e-10
70.981 1.27204e-08 8.49477e-10 4.39465e-10
71.0197 1.27111e-08 8.51015e-10 4.41273e-10
71.0584 1.27018e-08 8.52554e-10 4.43082e-10
71.097 1.26924e-08 8.54093e-10 4.44891e-10
71.1357 1.26831e-08 8.55631e-10 4.467e-10
71.1744 1.26738e-08 8.5717e-10 4.48509e-10
71.2131 1.26645e-08 8.58708e-10 4.50319e-10
71.2518 1.26552e-08 8.60247e-10 4.52129e-10
71.2904 1.2646e-08 8.61785e-10 4.53938e-10
71.3291 1.26367e-08 8.63323e-10 4.55749e-10
71.3678 1.26275e-08 8.64862e-10 4.57559e-10
71.4065 1.26182e-08 8.664e-10 4.5937e-10
71.4452 1.2609e-08 8.67938e-10 4.6118e-10
71.4839 1.25998e-08 8.69477e-10 4.62991e-10
71.5225 1.25906e-08 8.71015e-10 4.64802e-10
71.5612 1.25814e-08 8.72553e-10 4.66614e-10
71.5999 1.25722e-08 8.74091e-10 4.68425e-10
71.6386 1.2563e-08 8.75629e-10 4.70237e-10
71.6773 1.25539e-08 8.77167e-10 4.72049e-10
71.7159 1.25447e-08 8.78705e-10 4.73861e-10
71.7546 1.25356e-08 8.80243e-10 4.75673e-10
71.7933 1.25265e-08 8.8178e-10 4.77485e-10
71.832 1.25174e-08 8.83318e-10 4.79298e-10
71.8707 1.25083e-08 8.84855e-10 4.8111e-10
71.9094 1.24992e-08 8.86392e-10 4.82923e-10
71.948 1.24901e-08 8.8793e-10 4.84736e-10
71.9867 1.2481e-08 8.89467e-10 4.86549e-10
72.0254 1.24719e-08 8.91004e-10 4.88362e-10
72.0641 1.24629e-08 8.9254e-10 4.90176e-10
72.1028 1.24539e-08 8.94077e-10 4.91989e-10
72.1414 1.24448e-08 8.95614e-10 4.93803e-10
72.1801 1.24358e-08 8.9715e-10 4.95616e-10
72.2188 1.24268e-08 8.98686e-10 4.9743e-10
72.2575 1.24178e-08 9.00222e-10 4.99244e-10
72.2962 1.24088e-08 9.01758e-10 5.01058e-10
72.3349 1.23999e-08 9.03294e-10 5.02872e-10
72.3735 1.23909e-08 9.0483e-10 5.04686e-10
72.4122 1.2382e-08 9.06365e-10 5.06501e-10
72.4509 1.2373e-08 9.079e-10 5.08315e-10
72.4896 1.23641e-08 9.09435e-10 5.1013e-10
72.5283 1.23552e-08 9.1097e-10 5.11944e-10
72.5669 1.23463e-08 9.12504e-10 5.13759e-10
72.6056 1.23374e-08 9.14039e-10 5.15574e-10
72.6443 1.23285e-08 9.15573e-10 5.17388e-10
72.683 1.23196e-08 9.17107e-10 5.19203e-10
72.7217 1.23108e-08 9.18641e-10 5.21018e-10
72.7604 1.23019e-08 9.20174e-10 5.22833e-10
72.799 1.22931e-08 9.21707e-10 5.24648e-10
72.8377 1.22842e-08 9.2324e-10 5.26463e-10
72.8764 1.22754e-08 9.24773e-10 5.28279e-10
72.9151 1.22666e-08 9.26306e-10 5.30094e-10
72.9538 1.22578e-08 9.27838e-10 5.31909e-10
72.9924 1.2249e-08 9.2937e-10 5.33724e-10
73.0311 1.22402e-08 9.30902e-10 5.3554e-10
73.0698 1.22315e-08 9.32433e-10 5.37355e-10
73.1085 1.22227e-08 9.33964e-10 5.39171e-10
73.1472 1.2214e-08 9.35495e-10 5.40986e-10
73.1859 1.22053e-08 9.37026e-10 5.42801e-10
73.2245 1.21965e-08 9.38556e-10 5.44617e-10
73.2632 1.21878e-08 9.40086e-10 5.46432e-10
73.3019 1.21791e-08 9.41616e-10 5.48248e-10
73.3406 1.21704e-08 9.43145e-10 5.50063e-10
73.3793 1.21618e-08 9.44674e-10 5.51879e-10
73.4179 1.21531e-08 9.46203e-10 5.53694e-10
73.4566 1.21444e-08 9.47731e-10 5.5551e-10
73.4953 1.21358e-08 9.49259e-10 5.57325e-10
73.534 1.21272e-08 9.50787e-10 5.59141e-10
73.5727 1.21185e-08 9.52314e-10 5.60956e-10
73.6114 1.21099e-08 9.53841e-10 5.62772e-10
73.65 1.21013e-08 9.55368e-10 5.64587e-10
73.6887 1.20927e-08 9.56894e-10 5.66403e-10
73.7274 1.20841e-08 9.5842e-10 5.68218e-10
73.7661 1.20756e-08 9.59946e-10 5.70033e-10
73.8048 1.2067e-08 9.61471e-10 5.71849e-10
73.8434 1.20585e-08 9.62996e-10 5.73664e-10
73.8821 1.20499e-08 9.6452e-10 5.75479e-10
73.9208 1.20414e-08 9.66044e-10 5.77294e-10
73.9595 1.20329e-08 9.67568e-10 5.7911e-10
73.9982 1.20244e-08 9.69091e-10 5.80925e-10
74.0369 1.20159e-08 9.70614e-10 5.8274e-10
74.0755 1.20074e-08 9.72136e-10 5.84555e-10
74.1142 1.19989e-08 9.73658e-10 5.8637e-10
74.1529 1.19905e-08 9.7518e-10 5.88184e-10
74.1916 1.1982e-08 9.76701e-10 5.89999e-10
74.2303 1.19736e-08 9.78222e-10 5.91814e-10
74.2689 1.19651e-08 9.79742e-10 5.93628e-10
74.3076 1.19567e-08 9.81262e-10 5.95443e-10
74.3463 1.19483e-08 9.82781e-10 5.97257e-10
74.385 1.19399e-08 9.843e-10 5.99072e-10
74.4237 1.19315e-08 9.85818e-10 6.00886e-10
74.4623 1.19231e-08 9.87336e-10 6.027e-10
74.501 1.19148e-08 9.88854e-10 6.04514e-10
74.5397 1.19064e-08 9.90371e-10 6.06328e-10
74.5784 1.18981e-08 9.91887e-10 6.08142e-10
74.6171 1.18897e-08 9.93403e-10 6.09956e-10
74.6558 1.18814e-08 9.94919e-10 6.1177e-10
74.6944 1.18731e-08 9.96434e-10 6.13583e-10
74.7331 1.18648e-08 9.97948e-10 6.15397e-10
74.7718 1.18565e-08 9.99462e-10 6.1721e-10
74.8105 1.18482e-08 1.00098e-09 6.19023e-10
74.8492 1.18399e-08 1.00249e-09 6.20836e-10
74.8878 1.18317e-08 1.004e-09 6.22649e-10
74.9265 1.18234e-08 1.00551e-09 6.24462e-10
74.9652 1.18152e-08 1.00702e-09 6.26275e-10
75.0039 1.18069e-08 1.00854e-09 6.28087e-10
75.0426 1.17987e-08 1.01005e-09 6.299e-10
75.0813 1.17905e-08 1.01156e-09 6.31712e-10
75.1199 1.17823e-08 1.01306e-09 6.33524e-10
75.1586 1.17741e-08 1.01457e-09 6.35336e-10
75.1973 1.17659e-08 1.01608e-09 6.37148e-10
75.236 1.17578e-08 1.01759e-09 6.3896e-10
75.2747 1.17496e-08 1.0191e-09 6.40771e-10
75.3133 1.17415e-08 1.0206e-09 6.42582e-10
75.352 1.17333e-08 1.02211e-09 6.44394e-10
75.3907 1.17252e-08 1.02361e-09 6.46205e-10
75.4294 1.17171e-08 1.02512e-09 6.48015e-10
75.4681 1.1709e-08 1.02662e-09 6.49826e-10
75.5068 1.17009e-08 1.02812e-09 6.51636e-10
75.5454 1.16928e-08 1.02963e-09 6.53447e-10
75.5841 1.16847e-08 1.03113e-09 6.55257e-10
75.6228 1.16766e-08 1.03263e-09 6.57067e-10
75.6615 1.16686e-08 1.03413e-09 6.58876e-10
75.7002 1.16605e-08 1.03563e-09 6.60686e-10
75.7388 1.16525e-08 1.03713e-09 6.62495e-10
75.7775 1.16445e-08 1.03863e-09 6.64304e-10
75.8162 1.16365e-08 1.04013e-09 6.66113e-10
75.8549 1.16285e-08 1.04162e-09 6.67922e-10
75.8936 1.16205e-08 1.04312e-09 6.69731e-10
75.9323 1.16125e-08 1.04462e-09 6.71539e-10
75.9709 1.16045e-08 1.04611e-09 6.73347e-10
76.0096 1.15965e-08 1.04761e-09 6.75155e-10
76.0483 1.15886e-08 1.0491e-09 6.76962e-10
76.087 1.15806e-08 1.0506e-09 6.7877e-10
76.1257 1.15727e-08 1.05209e-09 6.80577e-10
76.1643 1.15648e-08 1.05358e-09 6.82384e-10
76.203 1.15569e-08 1.05507e-09 6.84191e-10
76.2417 1.1549e-08 1.05656e-09 6.85997e-10
76.2804 1.15411e-08 1.05805e-09 6.87803e-10
76.3191 1.15332e-08 1.05954e-09 6.8961e-10
76.3578 1.15253e-08 1.06103e-09 6.91415e-10
76.3964 1.15175e-08 1.06252e-09 6.93221e-10
76.4351 1.15096e-08 1.064e-09 6.95026e-10
76.4738 1.15018e-08 1.06549e-09 6.96831e-10
76.5125 1.14939e-08 1.06697e-09 6.98636e-10
76.5512 1.14861e-08 1.06846e-09 7.0044e-10
76.5898 1.14783e-08 1.06994e-09 7.02245e-10
76.6285 1.14705e-08 1.07143e-09 7.04049e-10
76.6672 1.14627e-08 1.07291e-09 7.05852e-10
76.7059 1.14549e-08 1.07439e-09 7.07656e-10
76.7446 1.14471e-08 1.07587e-09 7.09459e-10
76.7833 1.14394e-08 1.07735e-09 7.11262e-10
76.8219 1.14316e-08 1.07883e-09 7.13064e-10
76.8606 1.14239e-08 1.08031e-09 7.14867e-10
76.8993 1.14162e-08 1.08179e-09 7.16669e-10
76.938 1.14084e-08 1.08326e-09 7.18471e-10
76.9767 1.14007e-08 1.08474e-09 7.20272e-10
77.0153 1.1393e-08 1.08621e-09 7.22073e-10
77.054 1.13853e-08 1.08769e-09 7.23874e-10
77.0927 1.13776e-08 1.08916e-09 7.25675e-10
77.1314 1.137e-08 1.09063e-09 7.27475e-10
77.1701 1.13623e-08 1.09211e-09 7.29275e-10
77.2088 1.13546e-08 1.09358e-09 7.31075e-10
77.2474 1.1347e-08 1.09505e-09 7.32874e-10
77.2861 1.13394e-08 1.09652e-09 7.34673e-10
77.3248 1.13317e-08 1.09799e-09 7.36472e-10
77.3635 1.13241e-08 1.09945e-09 7.3827e-10
