bin 2000 de 0.0773635
threshold 0
0.0773635 1.6643e-07 5.897e-08
0.154727 1.16327e-07 5.66281e-08
0.23209 9.41372e-08 5.70348e-08
0.309454 8.09793e-08 5.75959e-08
0.386817 7.20814e-08 5.80513e-08
0.464181 6.55935e-08 5.83849e-08
0.541544 6.06262e-08 5.86159e-08
0.618908 5.66913e-08 5.87653e-08
0.696271 5.34949e-08 5.88506e-08
0.773635 5.08483e-08 5.88853e-08
0.850998 4.86235e-08 5.88798e-08
0.928362 4.67304e-08 5.88421e-08
1.00573 4.51035e-08 5.87785e-08
1.08309 4.36938e-08 5.8694e-08
1.16045 4.24636e-08 5.85926e-08
1.23782 4.13838e-08 5.84773e-08
1.31518 4.0431e-08 5.83507e-08
1.39254 3.95868e-08 5.8215e-08
1.46991 3.88357e-08 5.80718e-08
1.54727 3.81653e-08 5.79227e-08
1.62463 3.75651e-08 5.77688e-08
1.702 3.70265e-08 5.76112e-08
1.77936 3.65419e-08 5.74506e-08
1.85672 3.61051e-08 5.72879e-08
1.93409 3.57106e-08 5.71236e-08
2.01145 3.53538e-08 5.69583e-08
2.08881 3.50306e-08 5.67925e-08
2.16618 3.47375e-08 5.66264e-08
2.24354 3.44713e-08 5.64604e-08
2.3209 3.42295e-08 5.62949e-08
2.39827 3.40095e-08 5.61301e-08
2.47563 3.38092e-08 5.59661e-08
2.55299 3.36268e-08 5.58032e-08
2.63036 3.34605e-08 5.56414e-08
2.70772 3.33089e-08 5.54811e-08
2.78509 3.31705e-08 5.53221e-08
2.86245 3.30443e-08 5.51648e-08
2.93981 3.29291e-08 5.5009e-08
3.01718 3.28239e-08 5.4855e-08
3.09454 3.27278e-08 5.47027e-08
3.1719 3.264e-08 5.45523e-08
3.24927 3.25598e-08 5.44036e-08
3.32663 3.24865e-08 5.42569e-08
3.40399 3.24196e-08 5.4112e-08
3.48136 3.23584e-08 5.39691e-08
3.55872 3.23025e-08 5.3828e-08
3.63608 3.22514e-08 5.36889e-08
3.71345 3.22047e-08 5.35518e-08
3.79081 3.2162e-08 5.34166e-08
3.86817 3.21229e-08 5.32833e-08
3.94554 3.20872e-08 5.3152e-08
4.0229 3.20544e-08 5.30225e-08
4.10026 3.20245e-08 5.2895e-08
4.17763 3.1997e-08 5.27694e-08
4.25499 3.19719e-08 5.26457e-08
4.33235 3.19488e-08 5.25238e-08
4.40972 3.19275e-08 5.24038e-08
4.48708 3.1908e-08 5.22856e-08
4.56445 3.18899e-08 5.21692e-08
4.64181 3.18733e-08 5.20546e-08
4.71917 3.18579e-08 5.19418e-08
4.79654 3.18435e-08 5.18307e-08
4.8739 3.18302e-08 5.17214e-08
4.95126 3.18177e-08 5.16137e-08
5.02863 3.18059e-08 5.15078e-08
5.10599 3.17949e-08 5.14035e-08
5.18335 3.17844e-08 5.13008e-08
5.26072 3.17744e-08 5.11998e-08
5.33808 3.17648e-08 5.11004e-08
5.41544 3.17556e-08 5.10025e-08
5.49281 3.17467e-08 5.09062e-08
5.57017 3.1738e-08 5.08114e-08
5.64753 3.17295e-08 5.07181e-08
5.7249 3.17212e-08 5.06262e-08
5.80226 3.17129e-08 5.05359e-08
5.87962 3.17046e-08 5.04469e-08
5.95699 3.16964e-08 5.03594e-08
6.03435 3.16881e-08 5.02733e-08
6.11171 3.16797e-08 5.01885e-08
6.18908 3.16713e-08 5.0105e-08
6.26644 3.16627e-08 5.00229e-08
6.34381 3.1654e-08 4.99421e-08
6.42117 3.16451e-08 4.98626e-08
6.49853 3.1636e-08 4.97843e-08
6.5759 3.16267e-08 4.97073e-08
6.65326 3.16171e-08 4.96315e-08
6.73062 3.16073e-08 4.95569e-08
6.80799 3.15973e-08 4.94835e-08
6.88535 3.15869e-08 4.94112e-08
6.96271 3.15763e-08 4.93401e-08
7.04008 3.15654e-08 4.92701e-08
7.11744 3.15542e-08 4.92011e-08
7.1948 3.15426e-08 4.91333e-08
7.27217 3.15307e-08 4.90666e-08
7.34953 3.15185e-08 4.90009e-08
7.42689 3.1506e-08 4.89362e-08
7.50426 3.14931e-08 4.88725e-08
7.58162 3.14799e-08 4.88099e-08
7.65898 3.14663e-08 4.87482e-08
7.73635 3.14524e-08 4.86875e-08
7.81371 3.14381e-08 4.86277e-08
7.89107 3.14235e-08 4.85689e-08
7.96844 3.14085e-08 4.85109e-08
8.0458 3.13932e-08 4.84539e-08
8.12317 3.13775e-08 4.83978e-08
8.20053 3.13614e-08 4.83425e-08
8.27789 3.1345e-08 4.82881e-08
8.35526 3.13282e-08 4.82346e-08
8.43262 3.13111e-08 4.81819e-08
8.50998 3.12936e-08 4.81299e-08
8.58735 3.12758e-08 4.80788e-08
8.66471 3.12576e-08 4.80285e-08
8.74207 3.12391e-08 4.7979e-08
8.81944 3.12202e-08 4.79302e-08
8.8968 3.1201e-08 4.78821e-08
8.97416 3.11815e-08 4.78348e-08
9.05153 3.11616e-08 4.77883e-08
9.12889 3.11414e-08 4.77424e-08
9.20625 3.11209e-08 4.76973e-08
9.28362 3.11001e-08 4.76528e-08
9.36098 3.10789e-08 4.7609e-08
9.43834 3.10574e-08 4.75659e-08
9.51571 3.10356e-08 4.75234e-08
9.59307 3.10135e-08 4.74816e-08
9.67044 3.09911e-08 4.74404e-08
9.7478 3.09684e-08 4.73999e-08
9.82516 3.09453e-08 4.73599e-08
9.90253 3.0922e-08 4.73206e-08
9.97989 3.08984e-08 4.72818e-08
10.0573 3.08746e-08 4.72437e-08
10.1346 3.08504e-08 4.72061e-08
10.212 3.0826e-08 4.71691e-08
10.2893 3.08013e-08 4.71326e-08
10.3667 3.07763e-08 4.70967e-08
10.4441 3.07511e-08 4.70614e-08
10.5214 3.07256e-08 4.70265e-08
10.5988 3.06998e-08 4.69922e-08
10.6762 3.06739e-08 4.69584e-08
10.7535 3.06476e-08 4.69251e-08
10.8309 3.06211e-08 4.68923e-08
10.9083 3.05944e-08 4.686e-08
10.9856 3.05675e-08 4.68282e-08
11.063 3.05403e-08 4.67968e-08
11.1403 3.05129e-08 4.67659e-08
11.2177 3.04853e-08 4.67355e-08
11.2951 3.04574e-08 4.67055e-08
11.3724 3.04294e-08 4.6676e-08
11.4498 3.04011e-08 4.66469e-08
11.5272 3.03727e-08 4.66182e-08
11.6045 3.0344e-08 4.659e-08
11.6819 3.03152e-08 4.65622e-08
11.7592 3.02861e-08 4.65348e-08
11.8366 3.02569e-08 4.65078e-08
11.914 3.02275e-08 4.64812e-08
11.9913 3.01979e-08 4.6455e-08
12.0687 3.01681e-08 4.64291e-08
12.1461 3.01382e-08 4.64037e-08
12.2234 3.01081e-08 4.63786e-08
12.3008 3.00778e-08 4.63539e-08
12.3782 3.00474e-08 4.63296e-08
12.4555 3.00168e-08 4.63056e-08
12.5329 2.99861e-08 4.62819e-08
12.6102 2.99552e-08 4.62586e-08
12.6876 2.99241e-08 4.62357e-08
12.765 2.98929e-08 4.62131e-08
12.8423 2.98616e-08 4.61908e-08
12.9197 2.98302e-08 4.61688e-08
12.9971 2.97986e-08 4.61472e-08
13.0744 2.97669e-08 4.61259e-08
13.1518 2.9735e-08 4.61049e-08
13.2292 2.9703e-08 4.60842e-08
13.3065 2.9671e-08 4.60638e-08
13.3839 2.96388e-08 4.60437e-08
13.4612 2.96064e-08 4.60238e-08
13.5386 2.9574e-08 4.60043e-08
13.616 2.95415e-08 4.59851e-08
13.6933 2.95088e-08 4.59661e-08
13.7707 2.94761e-08 4.59474e-08
13.8481 2.94432e-08 4.5929e-08
13.9254 2.94103e-08 4.59108e-08
14.0028 2.93773e-08 4.5893e-08
14.0802 2.93441e-08 4.58753e-08
14.1575 2.93109e-08 4.5858e-08
14.2349 2.92776e-08 4.58408e-08
14.3122 2.92442e-08 4.5824e-08
14.3896 2.92108e-08 4.58073e-08
14.467 2.91772e-08 4.57909e-08
14.5443 2.91436e-08 4.57748e-08
14.6217 2.91099e-08 4.57588e-08
14.6991 2.90762e-08 4.57432e-08
14.7764 2.90424e-08 4.57277e-08
14.8538 2.90085e-08 4.57124e-08
14.9312 2.89745e-08 4.56974e-08
15.0085 2.89405e-08 4.56826e-08
15.0859 2.89064e-08 4.5668e-08
15.1632 2.88723e-08 4.56536e-08
15.2406 2.88381e-08 4.56394e-08
15.318 2.88039e-08 4.56255e-08
15.3953 2.87696e-08 4.56117e-08
15.4727 2.87353e-08 4.55981e-08
15.5501 2.87009e-08 4.55847e-08
15.6274 2.86665e-08 4.55716e-08
15.7048 2.8632e-08 4.55586e-08
15.7821 2.85975e-08 4.55457e-08
15.8595 2.8563e-08 4.55331e-08
15.9369 2.85284e-08 4.55207e-08
16.0142 2.84938e-08 4.55084e-08
16.0916 2.84591e-08 4.54963e-08
16.169 2.84244e-08 4.54844e-08
16.2463 2.83897e-08 4.54727e-08
16.3237 2.8355e-08 4.54611e-08
16.4011 2.83202e-08 4.54497e-08
16.4784 2.82855e-08 4.54384e-08
16.5558 2.82507e-08 4.54273e-08
16.6331 2.82158e-08 4.54164e-08
16.7105 2.8181e-08 4.54057e-08
16.7879 2.81461e-08 4.5395e-08
16.8652 2.81112e-08 4.53846e-08
16.9426 2.80764e-08 4.53743e-08
17.02 2.80414e-08 4.53641e-08
17.0973 2.80065e-08 4.53541e-08
17.1747 2.79716e-08 4.53442e-08
17.2521 2.79367e-08 4.53345e-08
17.3294 2.79017e-08 4.53249e-08
17.4068 2.78668e-08 4.53155e-08
17.4841 2.78318e-08 4.53061e-08
17.5615 2.77969e-08 4.5297e-08
17.6389 2.77619e-08 4.52879e-08
17.7162 2.77269e-08 4.5279e-08
17.7936 2.7692e-08 4.52702e-08
17.871 2.7657e-08 4.52616e-08
17.9483 2.76221e-08 4.5253e-08
18.0257 2.75871e-08 4.52446e-08
18.1031 2.75522e-08 4.52363e-08
18.1804 2.75172e-08 4.52282e-08
18.2578 2.74823e-08 4.52201e-08
18.3351 2.74474e-08 4.52122e-08
18.4125 2.74124e-08 4.52043e-08
18.4899 2.73775e-08 4.51966e-08
18.5672 2.73426e-08 4.5189e-08
18.6446 2.73078e-08 4.51816e-08
18.722 2.72729e-08 4.51742e-08
18.7993 2.7238e-08 4.51669e-08
18.8767 2.72032e-08 4.51598e-08
18.9541 2.71684e-08 4.51527e-08
19.0314 2.71336e-08 4.51457e-08
19.1088 2.70988e-08 4.51389e-08
19.1861 2.7064e-08 4.51321e-08
19.2635 2.70293e-08 4.51255e-08
19.3409 2.69945e-08 4.51189e-08
19.4182 2.69598e-08 4.51125e-08
19.4956 2.69252e-08 4.51061e-08
19.573 2.68905e-08 4.50998e-08
19.6503 2.68559e-08 4.50936e-08
19.7277 2.68212e-08 4.50875e-08
19.8051 2.67867e-08 4.50815e-08
19.8824 2.67521e-08 4.50756e-08
19.9598 2.67176e-08 4.50698e-08
20.0371 2.66831e-08 4.50641e-08
20.1145 2.66486e-08 4.50584e-08
20.1919 2.66142e-08 4.50528e-08
20.2692 2.65797e-08 4.50474e-08
20.3466 2.65454e-08 4.50419e-08
20.424 2.6511e-08 4.50366e-08
20.5013 2.64767e-08 4.50314e-08
20.5787 2.64424e-08 4.50262e-08
20.656 2.64081e-08 4.50211e-08
20.7334 2.63739e-08 4.50161e-08
20.8108 2.63397e-08 4.50112e-08
20.8881 2.63056e-08 4.50063e-08
20.9655 2.62715e-08 4.50015e-08
21.0429 2.62374e-08 4.49968e-08
21.1202 2.62033e-08 4.49921e-08
21.1976 2.61693e-08 4.49875e-08
21.275 2.61353e-08 4.4983e-08
21.3523 2.61014e-08 4.49786e-08
21.4297 2.60675e-08 4.49742e-08
21.507 2.60337e-08 4.49699e-08
21.5844 2.59999e-08 4.49656e-08
21.6618 2.59661e-08 4.49615e-08
21.7391 2.59323e-08 4.49573e-08
21.8165 2.58986e-08 4.49533e-08
21.8939 2.5865e-08 4.49493e-08
21.9712 2.58314e-08 4.49454e-08
22.0486 2.57978e-08 4.49415e-08
22.126 2.57643e-08 4.49377e-08
22.2033 2.57308e-08 4.49339e-08
22.2807 2.56974e-08 4.49302e-08
22.358 2.5664e-08 4.49266e-08
22.4354 2.56306e-08 4.4923e-08
22.5128 2.55973e-08 4.49195e-08
22.5901 2.5564e-08 4.4916e-08
22.6675 2.55308e-08 4.49126e-08
22.7449 2.54977e-08 4.49092e-08
22.8222 2.54645e-08 4.49059e-08
22.8996 2.54315e-08 4.49027e-08
22.977 2.53984e-08 4.48995e-08
23.0543 2.53654e-08 4.48963e-08
23.1317 2.53325e-08 4.48932e-08
23.209 2.52996e-08 4.48902e-08
23.2864 2.52668e-08 4.48871e-08
23.3638 2.5234e-08 4.48842e-08
23.4411 2.52012e-08 4.48813e-08
23.5185 2.51685e-08 4.48784e-08
23.5959 2.51359e-08 4.48756e-08
23.6732 2.51033e-08 4.48728e-08
23.7506 2.50707e-08 4.48701e-08
23.828 2.50382e-08 4.48674e-08
23.9053 2.50057e-08 4.48648e-08
23.9827 2.49733e-08 4.48622e-08
24.06 2.4941e-08 4.48596e-08
24.1374 2.49087e-08 4.48571e-08
24.2148 2.48764e-08 4.48546e-08
24.2921 2.48442e-08 4.48522e-08
24.3695 2.48121e-08 4.48498e-08
24.4469 2.478e-08 4.48474e-08
24.5242 2.47479e-08 4.48451e-08
24.6016 2.47159e-08 4.48428e-08
24.679 2.4684e-08 4.48406e-08
24.7563 2.46521e-08 4.48384e-08
24.8337 2.46202e-08 4.48362e-08
24.911 2.45885e-08 4.48341e-08
24.9884 2.45567e-08 4.4832e-08
25.0658 2.4525e-08 4.483e-08
25.1431 2.44934e-08 4.4828e-08
25.2205 2.44618e-08 4.4826e-08
25.2979 2.44303e-08 4.4824e-08
25.3752 2.43988e-08 4.48221e-08
25.4526 2.43674e-08 4.48202e-08
25.5299 2.4336e-08 4.48184e-08
25.6073 2.43047e-08 4.48166e-08
25.6847 2.42735e-08 4.48148e-08
25.762 2.42423e-08 4.4813e-08
25.8394 2.42111e-08 4.48113e-08
25.9168 2.418e-08 4.48096e-08
25.9941 2.4149e-08 4.48079e-08
26.0715 2.4118e-08 4.48063e-08
26.1489 2.4087e-08 4.48047e-08
26.2262 2.40561e-08 4.48031e-08
26.3036 2.40253e-08 4.48016e-08
26.3809 2.39945e-08 4.48001e-08
26.4583 2.39638e-08 4.47986e-08
26.5357 2.39332e-08 4.47971e-08
26.613 2.39026e-08 4.47957e-08
26.6904 2.3872e-08 4.47943e-08
26.7678 2.38415e-08 4.47929e-08
26.8451 2.3811e-08 4.47916e-08
26.9225 2.37807e-08 4.47902e-08
26.9999 2.37503e-08 4.47889e-08
27.0772 2.372e-08 4.47876e-08
27.1546 2.36898e-08 4.47864e-08
27.2319 2.36596e-08 4.47852e-08
27.3093 2.36295e-08 4.4784e-08
27.3867 2.35995e-08 4.47828e-08
27.464 2.35694e-08 4.47816e-08
27.5414 2.35395e-08 4.47805e-08
27.6188 2.35096e-08 4.47794e-08
27.6961 2.34798e-08 4.47783e-08
27.7735 2.345e-08 4.47772e-08
27.8509 2.34202e-08 4.47762e-08
27.9282 2.33906e-08 4.47751e-08
28.0056 2.33609e-08 4.47741e-08
28.0829 2.33314e-08 4.47732e-08
28.1603 2.33019e-08 4.47722e-08
28.2377 2.32724e-08 4.47713e-08
28.315 2.3243e-08 4.47703e-08
28.3924 2.32137e-08 4.47694e-08
28.4698 2.31844e-08 4.47686e-08
28.5471 2.31551e-08 4.47677e-08
28.6245 2.3126e-08 4.47669e-08
28.7019 2.30968e-08 4.4766e-08
28.7792 2.30678e-08 4.47652e-08
28.8566 2.30388e-08 4.47644e-08
28.9339 2.30098e-08 4.47637e-08
29.0113 2.29809e-08 4.47629e-08
29.0887 2.2952e-08 4.47622e-08
29.166 2.29232e-08 4.47615e-08
29.2434 2.28945e-08 4.47608e-08
29.3208 2.28658e-08 4.47601e-08
29.3981 2.28372e-08 4.47594e-08
29.4755 2.28086e-08 4.47588e-08
29.5528 2.27801e-08 4.47581e-08
29.6302 2.27516e-08 4.47575e-08
29.7076 2.27232e-08 4.47569e-08
29.7849 2.26949e-08 4.47563e-08
29.8623 2.26666e-08 4.47558e-08
29.9397 2.26383e-08 4.47552e-08
30.017 2.26102e-08 4.47547e-08
30.0944 2.2582e-08 4.47541e-08
30.1718 2.25539e-08 4.47536e-08
30.2491 2.25259e-08 4.47531e-08
30.3265 2.24979e-08 4.47526e-08
30.4038 2.247e-08 4.47522e-08
30.4812 2.24422e-08 4.47517e-08
30.5586 2.24144e-08 4.47513e-08
30.6359 2.23866e-08 4.47508e-08
30.7133 2.23589e-08 4.47504e-08
30.7907 2.23313e-08 4.475e-08
30.868 2.23037e-08 4.47496e-08
30.9454 2.22762e-08 4.47492e-08
31.0228 2.22487e-08 4.47489e-08
31.1001 2.22212e-08 4.47485e-08
31.1775 2.21939e-08 4.47482e-08
31.2548 2.21666e-08 4.47478e-08
31.3322 2.21393e-08 4.47475e-08
31.4096 2.21121e-08 4.47472e-08
31.4869 2.20849e-08 4.47469e-08
31.5643 2.20578e-08 4.47466e-08
31.6417 2.20308e-08 4.47463e-08
31.719 2.20038e-08 4.47461e-08
31.7964 2.19768e-08 4.47458e-08
31.8738 2.19499e-08 4.47456e-08
31.9511 2.19231e-08 4.47453e-08
32.0285 2.18963e-08 4.47451e-08
32.1058 2.18696e-08 4.47449e-08
32.1832 2.18429e-08 4.47447e-08
32.2606 2.18163e-08 4.47445e-08
32.3379 2.17897e-08 4.47443e-08
32.4153 2.17632e-08 4.47441e-08
32.4927 2.17368e-08 4.47439e-08
32.57 2.17103e-08 4.47438e-08
32.6474 2.1684e-08 4.47436e-08
32.7248 2.16577e-08 4.47435e-08
32.8021 2.16314e-08 4.47434e-08
32.8795 2.16052e-08 4.47432e-08
32.9568 2.15791e-08 4.47431e-08
33.0342 2.1553e-08 4.4743e-08
33.1116 2.15269e-08 4.47429e-08
33.1889 2.15009e-08 4.47428e-08
33.2663 2.1475e-08 4.47427e-08
33.3437 2.14491e-08 4.47427e-08
33.421 2.14233e-08 4.47426e-08
33.4984 2.13975e-08 4.47425e-08
33.5758 2.13718e-08 4.47425e-08
33.6531 2.13461e-08 4.47424e-08
33.7305 2.13205e-08 4.47424e-08
33.8078 2.12949e-08 4.47423e-08
33.8852 2.12694e-08 4.47423e-08
33.9626 2.12439e-08 4.47423e-08
34.0399 2.12185e-08 4.47423e-08
34.1173 2.11931e-08 4.47423e-08
34.1947 2.11678e-08 4.47423e-08
34.272 2.11425e-08 4.47423e-08
34.3494 2.11173e-08 4.47423e-08
34.4267 2.10921e-08 4.47423e-08
34.5041 2.1067e-08 4.47423e-08
34.5815 2.10419e-08 4.47424e-08
34.6588 2.10169e-08 4.47424e-08
34.7362 2.0992e-08 4.47424e-08
34.8136 2.0967e-08 4.47425e-08
34.8909 2.09422e-08 4.47425e-08
34.9683 2.09174e-08 4.47426e-08
35.0457 2.08926e-08 4.47427e-08
35.123 2.08679e-08 4.47427e-08
35.2004 2.08432e-08 4.47428e-08
35.2777 2.08186e-08 4.47429e-08
35.3551 2.0794e-08 4.4743e-08
35.4325 2.07695e-08 4.47431e-08
35.5098 2.0745e-08 4.47432e-08
35.5872 2.07206e-08 4.47433e-08
35.6646 2.06963e-08 4.47434e-08
35.7419 2.06719e-08 4.47435e-08
35.8193 2.06477e-08 4.47436e-08
35.8967 2.06234e-08 4.47437e-08
35.974 2.05993e-08 4.47438e-08
36.0514 2.05752e-08 4.47439e-08
36.1287 2.05511e-08 4.47441e-08
36.2061 2.05271e-08 4.47442e-08
36.2835 2.05031e-08 4.47443e-08
36.3608 2.04791e-08 4.47445e-08
36.4382 2.04553e-08 4.47446e-08
36.5156 2.04314e-08 4.47448e-08
36.5929 2.04076e-08 4.47449e-08
36.6703 2.03839e-08 4.47451e-08
36.7477 2.03602e-08 4.47452e-08
36.825 2.03366e-08 4.47454e-08
36.9024 2.0313e-08 4.47456e-08
36.9797 2.02894e-08 4.47457e-08
37.0571 2.02659e-08 4.47459e-08
37.1345 2.02425e-08 4.47461e-08
37.2118 2.02191e-08 4.47462e-08
37.2892 2.01957e-08 4.47464e-08
37.3666 2.01724e-08 4.47466e-08
37.4439 2.01492e-08 4.47468e-08
37.5213 2.01259e-08 4.4747e-08
37.5987 2.01028e-08 4.47472e-08
37.676 2.00797e-08 4.47474e-08
37.7534 2.00566e-08 4.47476e-08
37.8307 2.00335e-08 4.47478e-08
37.9081 2.00106e-08 4.4748e-08
37.9855 1.99876e-08 4.47482e-08
38.0628 1.99647e-08 4.47484e-08
38.1402 1.99419e-08 4.47486e-08
38.2176 1.99191e-08 4.47488e-08
38.2949 1.98963e-08 4.4749e-08
38.3723 1.98736e-08 4.47492e-08
38.4496 1.9851e-08 4.47494e-08
38.527 1.98284e-08 4.47497e-08
38.6044 1.98058e-08 4.47499e-08
38.6817 1.97833e-08 4.47501e-08
38.7591 1.97608e-08 4.47503e-08
38.8365 1.97384e-08 4.47506e-08
38.9138 1.9716e-08 4.47508e-08
38.9912 1.96936e-08 4.4751e-08
39.0686 1.96713e-08 4.47513e-08
39.1459 1.96491e-08 4.47515e-08
39.2233 1.96269e-08 4.47517e-08
39.3006 1.96047e-08 4.4752e-08
39.378 1.95826e-08 4.47522e-08
39.4554 1.95605e-08 4.47524e-08
39.5327 1.95385e-08 4.47527e-08
39.6101 1.95165e-08 4.47529e-08
39.6875 1.94945e-08 4.47532e-08
39.7648 1.94726e-08 4.47534e-08
39.8422 1.94508e-08 4.47537e-08
39.9196 1.9429e-08 4.47539e-08
39.9969 1.94072e-08 4.47542e-08
40.0743 1.93855e-08 4.47544e-08
40.1516 1.93638e-08 4.47547e-08
40.229 1.93422e-08 4.47549e-08
40.3064 1.93206e-08 4.47552e-08
40.3837 1.9299e-08 4.47554e-08
40.4611 1.92775e-08 4.47557e-08
40.5385 1.9256e-08 4.47559e-08
40.6158 1.92346e-08 4.47562e-08
40.6932 1.92132e-08 4.47564e-08
40.7706 1.91919e-08 4.47567e-08
40.8479 1.91706e-08 4.47569e-08
40.9253 1.91493e-08 4.47572e-08
41.0026 1.91281e-08 4.47575e-08
41.08 1.9107e-08 4.47577e-08
41.1574 1.90858e-08 4.4758e-08
41.2347 1.90647e-08 4.47582e-08
41.3121 1.90437e-08 4.47585e-08
41.3895 1.90227e-08 4.47588e-08
41.4668 1.90017e-08 4.4759e-08
41.5442 1.89808e-08 4.47593e-08
41.6216 1.896e-08 4.47595e-08
41.6989 1.89391e-08 4.47598e-08
41.7763 1.89183e-08 4.47601e-08
41.8536 1.88976e-08 4.47603e-08
41.931 1.88769e-08 4.47606e-08
42.0084 1.88562e-08 4.47608e-08
42.0857 1.88356e-08 4.47611e-08
42.1631 1.8815e-08 4.47614e-08
42.2405 1.87944e-08 4.47616e-08
42.3178 1.87739e-08 4.47619e-08
42.3952 1.87535e-08 4.47622e-08
42.4726 1.8733e-08 4.47624e-08
42.5499 1.87127e-08 4.47627e-08
42.6273 1.86923e-08 4.47629e-08
42.7046 1.8672e-08 4.47632e-08
42.782 1.86517e-08 4.47635e-08
42.8594 1.86315e-08 4.47637e-08
42.9367 1.86113e-08 4.4764e-08
43.0141 1.85912e-08 4.47643e-08
43.0915 1.85711e-08 4.47645e-08
43.1688 1.8551e-08 4.47648e-08
43.2462 1.8531e-08 4.4765e-08
43.3235 1.8511e-08 4.47653e-08
43.4009 1.84911e-08 4.47656e-08
43.4783 1.84711e-08 4.47658e-08
43.5556 1.84513e-08 4.47661e-08
43.633 1.84314e-08 4.47663e-08
43.7104 1.84117e-08 4.47666e-08
43.7877 1.83919e-08 4.47668e-08
43.8651 1.83722e-08 4.47671e-08
43.9425 1.83525e-08 4.47674e-08
44.0198 1.83329e-08 4.47676e-08
44.0972 1.83133e-08 4.47679e-08
44.1745 1.82937e-08 4.47681e-08
44.2519 1.82742e-08 4.47684e-08
44.3293 1.82547e-08 4.47686e-08
44.4066 1.82353e-08 4.47689e-08
44.484 1.82159e-08 4.47691e-08
44.5614 1.81965e-08 4.47694e-08
44.6387 1.81772e-08 4.47696e-08
44.7161 1.81579e-08 4.47699e-08
44.7935 1.81386e-08 4.47701e-08
44.8708 1.81194e-08 4.47704e-08
44.9482 1.81002e-08 4.47706e-08
45.0255 1.80811e-08 4.47709e-08
45.1029 1.8062e-08 4.47711e-08
45.1803 1.80429e-08 4.47714e-08
45.2576 1.80238e-08 4.47716e-08
45.335 1.80049e-08 4.47718e-08
45.4124 1.79859e-08 4.47721e-08
45.4897 1.7967e-08 4.47723e-08
45.5671 1.79481e-08 4.47726e-08
45.6445 1.79292e-08 4.47728e-08
45.7218 1.79104e-08 4.4773e-08
45.7992 1.78916e-08 4.47733e-08
45.8765 1.78729e-08 4.47735e-08
45.9539 1.78542e-08 4.47738e-08
46.0313 1.78355e-08 4.4774e-08
46.1086 1.78169e-08 4.47742e-08
46.186 1.77983e-08 4.47744e-08
46.2634 1.77797e-08 4.47747e-08
46.3407 1.77612e-08 4.47749e-08
46.4181 1.77427e-08 4.47751e-08
46.4955 1.77243e-08 4.47754e-08
46.5728 1.77059e-08 4.47756e-08
46.6502 1.76875e-08 4.47758e-08
46.7275 1.76691e-08 4.4776e-08
46.8049 1.76508e-08 4.47763e-08
46.8823 1.76325e-08 4.47765e-08
46.9596 1.76143e-08 4.47767e-08
47.037 1.75961e-08 4.47769e-08
47.1144 1.75779e-08 4.47771e-08
47.1917 1.75598e-08 4.47773e-08
47.2691 1.75417e-08 4.47776e-08
47.3464 1.75236e-08 4.47778e-08
47.4238 1.75056e-08 4.4778e-08
47.5012 1.74876e-08 4.47782e-08
47.5785 1.74696e-08 4.47784e-08
47.6559 1.74517e-08 4.47786e-08
47.7333 1.74338e-08 4.47788e-08
47.8106 1.74159e-08 4.4779e-08
47.888 1.73981e-08 4.47792e-08
47.9654 1.73803e-08 4.47794e-08
48.0427 1.73626e-08 4.47796e-08
48.1201 1.73448e-08 4.47798e-08
48.1974 1.73271e-08 4.478e-08
48.2748 1.73095e-08 4.47802e-08
48.3522 1.72918e-08 4.47804e-08
48.4295 1.72743e-08 4.47806e-08
48.5069 1.72567e-08 4.47808e-08
48.5843 1.72392e-08 4.4781e-08
48.6616 1.72217e-08 4.47812e-08
48.739 1.72042e-08 4.47814e-08
48.8164 1.71868e-08 4.47816e-08
48.8937 1.71694e-08 4.47818e-08
48.9711 1.7152e-08 4.47819e-08
49.0484 1.71347e-08 4.47821e-08
49.1258 1.71174e-08 4.47823e-08
49.2032 1.71002e-08 4.47825e-08
49.2805 1.70829e-08 4.47827e-08
49.3579 1.70657e-08 4.47828e-08
49.4353 1.70486e-08 4.4783e-08
49.5126 1.70314e-08 4.47832e-08
49.59 1.70143e-08 4.47833e-08
49.6674 1.69973e-08 4.47835e-08
49.7447 1.69802e-08 4.47837e-08
49.8221 1.69632e-08 4.47839e-08
49.8994 1.69462e-08 4.4784e-08
49.9768 1.69293e-08 4.47842e-08
50.0542 1.69124e-08 4.47843e-08
50.1315 1.68955e-08 4.47845e-08
50.2089 1.68787e-08 4.47847e-08
50.2863 1.68619e-08 4.47848e-08
50.3636 1.68451e-08 4.4785e-08
50.441 1.68283e-08 4.47851e-08
50.5184 1.68116e-08 4.47853e-08
50.5957 1.67949e-08 4.47854e-08
50.6731 1.67783e-08 4.47856e-08
50.7504 1.67616e-08 4.47857e-08
50.8278 1.6745e-08 4.47859e-08
50.9052 1.67285e-08 4.4786e-08
50.9825 1.67119e-08 4.47862e-08
51.0599 1.66954e-08 4.47863e-08
51.1373 1.6679e-08 4.47864e-08
51.2146 1.66625e-08 4.47866e-08
51.292 1.66461e-08 4.47867e-08
51.3694 1.66297e-08 4.47868e-08
51.4467 1.66134e-08 4.4787e-08
51.5241 1.6597e-08 4.47871e-08
51.6014 1.65808e-08 4.47872e-08
51.6788 1.65645e-08 4.47873e-08
51.7562 1.65483e-08 4.47875e-08
51.8335 1.65321e-08 4.47876e-08
51.9109 1.65159e-08 4.47877e-08
51.9883 1.64997e-08 4.47878e-08
52.0656 1.64836e-08 4.4788e-08
52.143 1.64676e-08 4.47881e-08
52.2203 1.64515e-08 4.47882e-08
52.2977 1.64355e-08 4.47883e-08
52.3751 1.64195e-08 4.47884e-08
52.4524 1.64035e-08 4.47885e-08
52.5298 1.63876e-08 4.47886e-08
52.6072 1.63717e-08 4.47887e-08
52.6845 1.63558e-08 4.47888e-08
52.7619 1.634e-08 4.47889e-08
52.8393 1.63241e-08 4.4789e-08
52.9166 1.63083e-08 4.47891e-08
52.994 1.62926e-08 4.47892e-08
53.0713 1.62768e-08 4.47893e-08
53.1487 1.62611e-08 4.47894e-08
53.2261 1.62455e-08 4.47895e-08
53.3034 1.62298e-08 4.47896e-08
53.3808 1.62142e-08 4.47897e-08
53.4582 1.61986e-08 4.47898e-08
53.5355 1.61831e-08 4.47898e-08
53.6129 1.61675e-08 4.47899e-08
53.6903 1.6152e-08 4.479e-08
53.7676 1.61365e-08 4.47901e-08
53.845 1.61211e-08 4.47902e-08
53.9223 1.61057e-08 4.47902e-08
53.9997 1.60903e-08 4.47903e-08
54.0771 1.60749e-08 4.47904e-08
54.1544 1.60596e-08 4.47904e-08
54.2318 1.60443e-08 4.47905e-08
54.3092 1.6029e-08 4.47906e-08
54.3865 1.60137e-08 4.47906e-08
54.4639 1.59985e-08 4.47907e-08
54.5413 1.59833e-08 4.47908e-08
54.6186 1.59681e-08 4.47908e-08
54.696 1.5953e-08 4.47909e-08
54.7733 1.59379e-08 4.47909e-08
54.8507 1.59228e-08 4.4791e-08
54.9281 1.59077e-08 4.4791e-08
55.0054 1.58927e-08 4.47911e-08
55.0828 1.58777e-08 4.47911e-08
55.1602 1.58627e-08 4.47912e-08
55.2375 1.58477e-08 4.47912e-08
55.3149 1.58328e-08 4.47912e-08
55.3923 1.58179e-08 4.47913e-08
55.4696 1.5803e-08 4.47913e-08
55.547 1.57882e-08 4.47914e-08
55.6243 1.57734e-08 4.47914e-08
55.7017 1.57586e-08 4.47914e-08
55.7791 1.57438e-08 4.47914e-08
55.8564 1.5729e-08 4.47915e-08
55.9338 1.57143e-08 4.47915e-08
56.0112 1.56996e-08 4.47915e-08
56.0885 1.5685e-08 4.47915e-08
56.1659 1.56703e-08 4.47916e-08
56.2433 1.56557e-08 4.47916e-08
56.3206 1.56411e-08 4.47916e-08
56.398 1.56266e-08 4.47916e-08
56.4753 1.5612e-08 4.47916e-08
56.5527 1.55975e-08 4.47916e-08
56.6301 1.5583e-08 4.47916e-08
56.7074 1.55686e-08 4.47917e-08
56.7848 1.55542e-08 4.47917e-08
56.8622 1.55397e-08 4.47917e-08
56.9395 1.55254e-08 4.47917e-08
57.0169 1.5511e-08 4.47917e-08
57.0942 1.54967e-08 4.47917e-08
57.1716 1.54824e-08 4.47917e-08
57.249 1.54681e-08 4.47917e-08
57.3263 1.54538e-08 4.47916e-08
57.4037 1.54396e-08 4.47916e-08
57.4811 1.54254e-08 4.47916e-08
57.5584 1.54112e-08 4.47916e-08
57.6358 1.53971e-08 4.47916e-08
57.7132 1.53829e-08 4.47916e-08
57.7905 1.53688e-08 4.47916e-08
57.8679 1.53547e-08 4.47915e-08
57.9452 1.53407e-08 4.47915e-08
58.0226 1.53267e-08 4.47915e-08
58.1 1.53126e-08 4.47915e-08
58.1773 1.52987e-08 4.47914e-08
58.2547 1.52847e-08 4.47914e-08
58.3321 1.52708e-08 4.47914e-08
58.4094 1.52569e-08 4.47913e-08
58.4868 1.5243e-08 4.47913e-08
58.5642 1.52291e-08 4.47913e-08
58.6415 1.52153e-08 4.47912e-08
58.7189 1.52015e-08 4.47912e-08
58.7962 1.51877e-08 4.47911e-08
58.8736 1.51739e-08 4.47911e-08
58.951 1.51602e-08 4.4791e-08
59.0283 1.51464e-08 4.4791e-08
59.1057 1.51327e-08 4.47909e-08
59.1831 1.51191e-08 4.47909e-08
59.2604 1.51054e-08 4.47908e-08
59.3378 1.50918e-08 4.47908e-08
59.4152 1.50782e-08 4.47907e-08
59.4925 1.50646e-08 4.47907e-08
59.5699 1.50511e-08 4.47906e-08
59.6472 1.50375e-08 4.47905e-08
59.7246 1.5024e-08 4.47905e-08
59.802 1.50105e-08 4.47904e-08
59.8793 1.49971e-08 4.47903e-08
59.9567 1.49837e-08 4.47903e-08
60.0341 1.49702e-08 4.47902e-08
60.1114 1.49568e-08 4.47901e-08
60.1888 1.49435e-08 4.479e-08
60.2662 1.49301e-08 4.479e-08
60.3435 1.49168e-08 4.47899e-08
60.4209 1.49035e-08 4.47898e-08
60.4982 1.48902e-08 4.47897e-08
60.5756 1.4877e-08 4.47896e-08
60.653 1.48637e-08 4.47895e-08
60.7303 1.48505e-08 4.47894e-08
60.8077 1.48373e-08 4.47894e-08
60.8851 1.48242e-08 4.47893e-08
60.9624 1.4811e-08 4.47892e-08
61.0398 1.47979e-08 4.47891e-08
61.1171 1.47848e-08 4.4789e-08
61.1945 1.47717e-08 4.47889e-08
61.2719 1.47587e-08 4.47888e-08
61.3492 1.47457e-08 4.47887e-08
61.4266 1.47327e-08 4.47886e-08
61.504 1.47197e-08 4.47884e-08
61.5813 1.47067e-08 4.47883e-08
61.6587 1.46938e-08 4.47882e-08
61.7361 1.46808e-08 4.47881e-08
61.8134 1.46679e-08 4.4788e-08
61.8908 1.46551e-08 4.47879e-08
61.9681 1.46422e-08 4.47878e-08
62.0455 1.46294e-08 4.47876e-08
62.1229 1.46166e-08 4.47875e-08
62.2002 1.46038e-08 4.47874e-08
62.2776 1.4591e-08 4.47873e-08
62.355 1.45783e-08 4.47871e-08
62.4323 1.45655e-08 4.4787e-08
62.5097 1.45528e-08 4.47869e-08
62.5871 1.45401e-08 4.47867e-08
62.6644 1.45275e-08 4.47866e-08
62.7418 1.45148e-08 4.47865e-08
62.8191 1.45022e-08 4.47863e-08
62.8965 1.44896e-08 4.47862e-08
62.9739 1.4477e-08 4.47861e-08
63.0512 1.44645e-08 4.47859e-08
63.1286 1.44519e-08 4.47858e-08
63.206 1.44394e-08 4.47856e-08
63.2833 1.44269e-08 4.47855e-08
63.3607 1.44145e-08 4.47853e-08
63.4381 1.4402e-08 4.47852e-08
63.5154 1.43896e-08 4.4785e-08
63.5928 1.43772e-08 4.47849e-08
63.6701 1.43648e-08 4.47847e-08
63.7475 1.43524e-08 4.47845e-08
63.8249 1.43401e-08 4.47844e-08
63.9022 1.43277e-08 4.47842e-08
63.9796 1.43154e-08 4.47841e-08
64.057 1.43031e-08 4.47839e-08
64.1343 1.42909e-08 4.47837e-08
64.2117 1.42786e-08 4.47836e-08
64.2891 1.42664e-08 4.47834e-08
64.3664 1.42542e-08 4.47832e-08
64.4438 1.4242e-08 4.4783e-08
64.5211 1.42298e-08 4.47829e-08
64.5985 1.42177e-08 4.47827e-08
64.6759 1.42055e-08 4.47825e-08
64.7532 1.41934e-08 4.47823e-08
64.8306 1.41813e-08 4.47821e-08
64.908 1.41693e-08 4.47819e-08
64.9853 1.41572e-08 4.47818e-08
65.0627 1.41452e-08 4.47816e-08
65.1401 1.41332e-08 4.47814e-08
65.2174 1.41212e-08 4.47812e-08
65.2948 1.41092e-08 4.4781e-08
65.3721 1.40973e-08 4.47808e-08
65.4495 1.40854e-08 4.47806e-08
65.5269 1.40734e-08 4.47804e-08
65.6042 1.40616e-08 4.47802e-08
65.6816 1.40497e-08 4.478e-08
65.759 1.40378e-08 4.47798e-08
65.8363 1.4026e-08 4.47796e-08
65.9137 1.40142e-08 4.47794e-08
65.991 1.40024e-08 4.47792e-08
66.0684 1.39906e-08 4.4779e-08
66.1458 1.39789e-08 4.47787e-08
66.2231 1.39671e-08 4.47785e-08
66.3005 1.39554e-08 4.47783e-08
66.3779 1.39437e-08 4.47781e-08
66.4552 1.3932e-08 4.47779e-08
66.5326 1.39204e-08 4.47777e-08
66.61 1.39087e-08 4.47774e-08
66.6873 1.38971e-08 4.47772e-08
66.7647 1.38855e-08 4.4777e-08
66.842 1.38739e-08 4.47768e-08
66.9194 1.38623e-08 4.47765e-08
66.9968 1.38508e-08 4.47763e-08
67.0741 1.38393e-08 4.47761e-08
67.1515 1.38277e-08 4.47758e-08
67.2289 1.38163e-08 4.47756e-08
67.3062 1.38048e-08 4.47754e-08
67.3836 1.37933e-08 4.47751e-08
67.461 1.37819e-08 4.47749e-08
67.5383 1.37705e-08 4.47746e-08
67.6157 1.37591e-08 4.47744e-08
67.693 1.37477e-08 4.47742e-08
67.7704 1.37363e-08 4.47739e-08
67.8478 1.3725e-08 4.47737e-08
67.9251 1.37136e-08 4.47734e-08
68.0025 1.37023e-08 4.47732e-08
68.0799 1.3691e-08 4.47729e-08
68.1572 1.36798e-08 4.47726e-08
68.2346 1.36685e-08 4.47724e-08
68.312 1.36573e-08 4.47721e-08
68.3893 1.36461e-08 4.47719e-08
68.4667 1.36348e-08 4.47716e-08
68.544 1.36237e-08 4.47713e-08
68.6214 1.36125e-08 4.47711e-08
68.6988 1.36013e-08 4.47708e-08
68.7761 1.35902e-08 4.47706e-08
68.8535 1.35791e-08 4.47703e-08
68.9309 1.3568e-08 4.477e-08
69.0082 1.35569e-08 4.47697e-08
69.0856 1.35459e-08 4.47695e-08
69.163 1.35348e-08 4.47692e-08
69.2403 1.35238e-08 4.47689e-08
69.3177 1.35128e-08 4.47686e-08
69.395 1.35018e-08 4.47684e-08
69.4724 1.34908e-08 4.47681e-08
69.5498 1.34799e-08 4.47678e-08
69.6271 1.34689e-08 4.47675e-08
69.7045 1.3458e-08 4.47672e-08
69.7819 1.34471e-08 4.47669e-08
69.8592 1.34362e-08 4.47666e-08
69.9366 1.34253e-08 4.47664e-08
70.0139 1.34145e-08 4.47661e-08
70.0913 1.34036e-08 4.47658e-08
70.1687 1.33928e-08 4.47655e-08
70.246 1.3382e-08 4.47652e-08
70.3234 1.33712e-08 4.47649e-08
70.4008 1.33605e-08 4.47646e-08
70.4781 1.33497e-08 4.47643e-08
70.5555 1.3339e-08 4.4764e-08
70.6329 1.33283e-08 4.47637e-08
70.7102 1.33176e-08 4.47634e-08
70.7876 1.33069e-08 4.47631e-08
70.8649 1.32962e-08 4.47627e-08
70.9423 1.32855e-08 4.47624e-08
71.0197 1.32749e-08 4.47621e-08
71.097 1.32643e-08 4.47618e-08
71.1744 1.32537e-08 4.47615e-08
71.2518 1.32431e-08 4.47612e-08
71.3291 1.32325e-08 4.47609e-08
71.4065 1.3222e-08 4.47605e-08
71.4839 1.32114e-08 4.47602e-08
71.5612 1.32009e-08 4.47599e-08
71.6386 1.31904e-08 4.47596e-08
71.7159 1.31799e-08 4.47592e-08
71.7933 1.31695e-08 4.47589e-08
71.8707 1.3159e-08 4.47586e-08
71.948 1.31486e-08 4.47583e-08
72.0254 1.31381e-08 4.47579e-08
72.1028 1.31277e-08 4.47576e-08
72.1801 1.31173e-08 4.47573e-08
72.2575 1.3107e-08 4.47569e-08
72.3349 1.30966e-08 4.47566e-08
72.4122 1.30863e-08 4.47563e-08
72.4896 1.30759e-08 4.47559e-08
72.5669 1.30656e-08 4.47556e-08
72.6443 1.30553e-08 4.47552e-08
72.7217 1.3045e-08 4.47549e-08
72.799 1.30348e-08 4.47545e-08
72.8764 1.30245e-08 4.47542e-08
72.9538 1.30143e-08 4.47538e-08
73.0311 1.30041e-08 4.47535e-08
73.1085 1.29939e-08 4.47531e-08
73.1859 1.29837e-08 4.47528e-08
73.2632 1.29735e-08 4.47524e-08
73.3406 1.29634e-08 4.47521e-08
73.4179 1.29532e-08 4.47517e-08
73.4953 1.29431e-08 4.47514e-08
73.5727 1.2933e-08 4.4751e-08
73.65 1.29229e-08 4.47506e-08
73.7274 1.29128e-08 4.47503e-08
73.8048 1.29027e-08 4.47499e-08
73.8821 1.28927e-08 4.47496e-08
73.9595 1.28827e-08 4.47492e-08
74.0369 1.28726e-08 4.47488e-08
74.1142 1.28626e-08 4.47485e-08
74.1916 1.28527e-08 4.47481e-08
74.2689 1.28427e-08 4.47477e-08
74.3463 1.28327e-08 4.47473e-08
74.4237 1.28228e-08 4.4747e-08
74.501 1.28129e-08 4.47466e-08
74.5784 1.28029e-08 4.47462e-08
74.6558 1.2793e-08 4.47458e-08
74.7331 1.27832e-08 4.47455e-08
74.8105 1.27733e-08 4.47451e-08
74.8878 1.27634e-08 4.47447e-08
74.9652 1.27536e-08 4.47443e-08
75.0426 1.27438e-08 4.47439e-08
75.1199 1.2734e-08 4.47435e-08
75.1973 1.27242e-08 4.47431e-08
75.2747 1.27144e-08 4.47428e-08
75.352 1.27046e-08 4.47424e-08
75.4294 1.26949e-08 4.4742e-08
75.5068 1.26852e-08 4.47416e-08
75.5841 1.26754e-08 4.47412e-08
75.6615 1.26657e-08 4.47408e-08
75.7388 1.2656e-08 4.47404e-08
75.8162 1.26464e-08 4.474e-08
75.8936 1.26367e-08 4.47396e-08
75.9709 1.2627e-08 4.47392e-08
76.0483 1.26174e-08 4.47388e-08
76.1257 1.26078e-08 4.47384e-08
76.203 1.25982e-08 4.4738e-08
76.2804 1.25886e-08 4.47376e-08
76.3578 1.2579e-08 4.47372e-08
76.4351 1.25695e-08 4.47368e-08
76.5125 1.25599e-08 4.47363e-08
76.5898 1.25504e-08 4.47359e-08
76.6672 1.25408e-08 4.47355e-08
76.7446 1.25313e-08 4.47351e-08
76.8219 1.25218e-08 4.47347e-08
76.8993 1.25124e-08 4.47343e-08
76.9767 1.25029e-08 4.47339e-08
77.054 1.24935e-08 4.47334e-08
77.1314 1.2484e-08 4.4733e-08
77.2088 1.24746e-08 4.47326e-08
77.2861 1.24652e-08 4.47322e-08
77.3635 1.24558e-08 4.47317e-08
77.4408 1.24464e-08 4.47313e-08
77.5182 1.2437e-08 4.47309e-08
77.5956 1.24277e-08 4.47305e-08
77.6729 1.24183e-08 4.473e-08
77.7503 1.2409e-08 4.47296e-08
77.8277 1.23997e-08 4.47292e-08
77.905 1.23904e-08 4.47287e-08
77.9824 1.23811e-08 4.47283e-08
78.0598 1.23719e-08 4.47279e-08
78.1371 1.23626e-08 4.47274e-08
78.2145 1.23534e-08 4.4727e-08
78.2918 1.23441e-08 4.47266e-08
78.3692 1.23349e-08 4.47261e-08
78.4466 1.23257e-08 4.47257e-08
78.5239 1.23165e-08 4.47252e-08
78.6013 1.23073e-08 4.47248e-08
78.6787 1.22982e-08 4.47243e-08
78.756 1.2289e-08 4.47239e-08
78.8334 1.22799e-08 4.47235e-08
78.9107 1.22708e-08 4.4723e-08
78.9881 1.22616e-08 4.47226e-08
79.0655 1.22525e-08 4.47221e-08
79.1428 1.22435e-08 4.47216e-08
79.2202 1.22344e-08 4.47212e-08
79.2976 1.22253e-08 4.47207e-08
79.3749 1.22163e-08 4.47203e-08
79.4523 1.22073e-08 4.47198e-08
79.5297 1.21982e-08 4.47194e-08
79.607 1.21892e-08 4.47189e-08
79.6844 1.21802e-08 4.47185e-08
79.7617 1.21713e-08 4.4718e-08
79.8391 1.21623e-08 4.47175e-08
79.9165 1.21533e-08 4.47171e-08
79.9938 1.21444e-08 4.47166e-08
80.0712 1.21355e-08 4.47161e-08
80.1486 1.21265e-08 4.47157e-08
80.2259 1.21176e-08 4.47152e-08
80.3033 1.21088e-08 4.47147e-08
80.3807 1.20999e-08 4.47143e-08
80.458 1.2091e-08 4.47138e-08
80.5354 1.20822e-08 4.47133e-08
80.6127 1.20733e-08 4.47128e-08
80.6901 1.20645e-08 4.47124e-08
80.7675 1.20557e-08 4.47119e-08
80.8448 1.20469e-08 4.47114e-08
80.9222 1.20381e-08 4.47109e-08
80.9996 1.20293e-08 4.47104e-08
81.0769 1.20206e-08 4.471e-08
81.1543 1.20118e-08 4.47095e-08
81.2317 1.20031e-08 4.4709e-08
81.309 1.19943e-08 4.47085e-08
81.3864 1.19856e-08 4.4708e-08
81.4637 1.19769e-08 4.47075e-08
81.5411 1.19682e-08 4.47071e-08
81.6185 1.19596e-08 4.47066e-08
81.6958 1.19509e-08 4.47061e-08
81.7732 1.19422e-08 4.47056e-08
81.8506 1.19336e-08 4.47051e-08
81.9279 1.1925e-08 4.47046e-08
82.0053 1.19164e-08 4.47041e-08
82.0827 1.19077e-08 4.47036e-08
82.16 1.18992e-08 4.47031e-08
82.2374 1.18906e-08 4.47026e-08
82.3147 1.1882e-08 4.47021e-08
82.3921 1.18735e-08 4.47016e-08
82.4695 1.18649e-08 4.47011e-08
82.5468 1.18564e-08 4.47006e-08
82.6242 1.18479e-08 4.47001e-08
82.7016 1.18394e-08 4.46996e-08
82.7789 1.18309e-08 4.46991e-08
82.8563 1.18224e-08 4.46986e-08
82.9337 1.18139e-08 4.46981e-08
83.011 1.18054e-08 4.46976e-08
83.0884 1.1797e-08 4.46971e-08
83.1657 1.17886e-08 4.46966e-08
83.2431 1.17801e-08 4.4696e-08
83.3205 1.17717e-08 4.46955e-08
83.3978 1.17633e-08 4.4695e-08
83.4752 1.17549e-08 4.46945e-08
83.5526 1.17466e-08 4.4694e-08
83.6299 1.17382e-08 4.46935e-08
83.7073 1.17298e-08 4.4693e-08
83.7846 1.17215e-08 4.46924e-08
83.862 1.17132e-08 4.46919e-08
83.9394 1.17048e-08 4.46914e-08
84.0167 1.16965e-08 4.46909e-08
84.0941 1.16882e-08 4.46904e-08
84.1715 1.168e-08 4.46898e-08
84.2488 1.16717e-08 4.46893e-08
84.3262 1.16634e-08 4.46888e-08
84.4036 1.16552e-08 4.46883e-08
84.4809 1.16469e-08 4.46877e-08
84.5583 1.16387e-08 4.46872e-08
84.6356 1.16305e-08 4.46867e-08
84.713 1.16223e-08 4.46861e-08
84.7904 1.16141e-08 4.46856e-08
84.8677 1.16059e-08 4.46851e-08
84.9451 1.15978e-08 4.46845e-08
85.0225 1.15896e-08 4.4684e-08
85.0998 1.15814e-08 4.46835e-08
85.1772 1.15733e-08 4.46829e-08
85.2546 1.15652e-08 4.46824e-08
85.3319 1.15571e-08 4.46819e-08
85.4093 1.1549e-08 4.46813e-08
85.4866 1.15409e-08 4.46808e-08
85.564 1.15328e-08 4.46802e-08
85.6414 1.15247e-08 4.46797e-08
85.7187 1.15167e-08 4.46791e-08
85.7961 1.15086e-08 4.46786e-08
85.8735 1.15006e-08 4.46781e-08
85.9508 1.14926e-08 4.46775e-08
86.0282 1.14845e-08 4.4677e-08
86.1056 1.14765e-08 4.46764e-08
86.1829 1.14685e-08 4.46759e-08
86.2603 1.14606e-08 4.46753e-08
86.3376 1.14526e-08 4.46748e-08
86.415 1.14446e-08 4.46742e-08
86.4924 1.14367e-08 4.46737e-08
86.5697 1.14287e-08 4.46731e-08
86.6471 1.14208e-08 4.46725e-08
86.7245 1.14129e-08 4.4672e-08
86.8018 1.1405e-08 4.46714e-08
86.8792 1.13971e-08 4.46709e-08
86.9566 1.13892e-08 4.46703e-08
87.0339 1.13813e-08 4.46698e-08
87.1113 1.13735e-08 4.46692e-08
87.1886 1.13656e-08 4.46686e-08
87.266 1.13578e-08 4.46681e-08
87.3434 1.135e-08 4.46675e-08
87.4207 1.13421e-08 4.46669e-08
87.4981 1.13343e-08 4.46664e-08
87.5755 1.13265e-08 4.46658e-08
87.6528 1.13187e-08 4.46652e-08
87.7302 1.1311e-08 4.46647e-08
87.8076 1.13032e-08 4.46641e-08
87.8849 1.12954e-08 4.46635e-08
87.9623 1.12877e-08 4.4663e-08
88.0396 1.12799e-08 4.46624e-08
88.117 1.12722e-08 4.46618e-08
88.1944 1.12645e-08 4.46613e-08
88.2717 1.12568e-08 4.46607e-08
88.3491 1.12491e-08 4.46601e-08
88.4265 1.12414e-08 4.46595e-08
88.5038 1.12337e-08 4.4659e-08
88.5812 1.12261e-08 4.46584e-08
88.6585 1.12184e-08 4.46578e-08
88.7359 1.12108e-08 4.46572e-08
88.8133 1.12031e-08 4.46566e-08
88.8906 1.11955e-08 4.46561e-08
88.968 1.11879e-08 4.46555e-08
89.0454 1.11803e-08 4.46549e-08
89.1227 1.11727e-08 4.46543e-08
89.2001 1.11651e-08 4.46537e-08
89.2775 1.11576e-08 4.46531e-08
89.3548 1.115e-08 4.46525e-08
89.4322 1.11424e-08 4.4652e-08
89.5095 1.11349e-08 4.46514e-08
89.5869 1.11274e-08 4.46508e-08
89.6643 1.11199e-08 4.46502e-08
89.7416 1.11123e-08 4.46496e-08
89.819 1.11048e-08 4.4649e-08
89.8964 1.10973e-08 4.46484e-08
89.9737 1.10899e-08 4.46478e-08
90.0511 1.10824e-08 4.46472e-08
90.1285 1.10749e-08 4.46466e-08
90.2058 1.10675e-08 4.4646e-08
90.2832 1.106e-08 4.46454e-08
90.3605 1.10526e-08 4.46448e-08
90.4379 1.10452e-08 4.46442e-08
90.5153 1.10378e-08 4.46436e-08
90.5926 1.10304e-08 4.4643e-08
90.67 1.1023e-08 4.46424e-08
90.7474 1.10156e-08 4.46418e-08
90.8247 1.10082e-08 4.46412e-08
90.9021 1.10008e-08 4.46406e-08
90.9795 1.09935e-08 4.464e-08
91.0568 1.09861e-08 4.46394e-08
91.1342 1.09788e-08 4.46388e-08
91.2115 1.09715e-08 4.46382e-08
91.2889 1.09642e-08 4.46376e-08
91.3663 1.09569e-08 4.4637e-08
91.4436 1.09496e-08 4.46364e-08
91.521 1.09423e-08 4.46358e-08
91.5984 1.0935e-08 4.46352e-08
91.6757 1.09277e-08 4.46346e-08
91.7531 1.09205e-08 4.4634e-08
91.8305 1.09132e-08 4.46333e-08
91.9078 1.0906e-08 4.46327e-08
91.9852 1.08987e-08 4.46321e-08
92.0625 1.08915e-08 4.46315e-08
92.1399 1.08843e-08 4.46309e-08
92.2173 1.08771e-08 4.46303e-08
92.2946 1.08699e-08 4.46296e-08
92.372 1.08627e-08 4.4629e-08
92.4494 1.08555e-08 4.46284e-08
92.5267 1.08484e-08 4.46278e-08
92.6041 1.08412e-08 4.46272e-08
92.6814 1.08341e-08 4.46265e-08
92.7588 1.08269e-08 4.46259e-08
92.8362 1.08198e-08 4.46253e-08
92.9135 1.08127e-08 4.46247e-08
92.9909 1.08056e-08 4.46241e-08
93.0683 1.07985e-08 4.46234e-08
93.1456 1.07914e-08 4.46228e-08
93.223 1.07843e-08 4.46222e-08
93.3004 1.07772e-08 4.46215e-08
93.3777 1.07702e-08 4.46209e-08
93.4551 1.07631e-08 4.46203e-08
93.5324 1.07561e-08 4.46197e-08
93.6098 1.0749e-08 4.4619e-08
93.6872 1.0742e-08 4.46184e-08
93.7645 1.0735e-08 4.46178e-08
93.8419 1.0728e-08 4.46171e-08
93.9193 1.0721e-08 4.46165e-08
93.9966 1.0714e-08 4.46159e-08
94.074 1.0707e-08 4.46152e-08
94.1514 1.07e-08 4.46146e-08
94.2287 1.06931e-08 4.4614e-08
94.3061 1.06861e-08 4.46133e-08
94.3834 1.06792e-08 4.46127e-08
94.4608 1.06722e-08 4.4612e-08
94.5382 1.06653e-08 4.46114e-08
94.6155 1.06584e-08 4.46108e-08
94.6929 1.06515e-08 4.46101e-08
94.7703 1.06446e-08 4.46095e-08
94.8476 1.06377e-08 4.46088e-08
94.925 1.06308e-08 4.46082e-08
95.0024 1.06239e-08 4.46076e-08
95.0797 1.0617e-08 4.46069e-08
95.1571 1.06102e-08 4.46063e-08
95.2344 1.06033e-08 4.46056e-08
95.3118 1.05965e-08 4.4605e-08
95.3892 1.05896e-08 4.46043e-08
95.4665 1.05828e-08 4.46037e-08
95.5439 1.0576e-08 4.4603e-08
95.6213 1.05692e-08 4.46024e-08
95.6986 1.05624e-08 4.46017e-08
95.776 1.05556e-08 4.46011e-08
95.8534 1.05488e-08 4.46004e-08
95.9307 1.05421e-08 4.45998e-08
96.0081 1.05353e-08 4.45991e-08
96.0854 1.05285e-08 4.45985e-08
96.1628 1.05218e-08 4.45978e-08
96.2402 1.05151e-08 4.45972e-08
96.3175 1.05083e-08 4.45965e-08
96.3949 1.05016e-08 4.45959e-08
96.4723 1.04949e-08 4.45952e-08
96.5496 1.04882e-08 4.45945e-08
96.627 1.04815e-08 4.45939e-08
96.7044 1.04748e-08 4.45932e-08
96.7817 1.04681e-08 4.45926e-08
96.8591 1.04614e-08 4.45919e-08
96.9364 1.04548e-08 4.45912e-08
97.0138 1.04481e-08 4.45906e-08
97.0912 1.04415e-08 4.45899e-08
97.1685 1.04348e-08 4.45893e-08
97.2459 1.04282e-08 4.45886e-08
97.3233 1.04216e-08 4.45879e-08
97.4006 1.0415e-08 4.45873e-08
97.478 1.04084e-08 4.45866e-08
97.5553 1.04018e-08 4.45859e-08
97.6327 1.03952e-08 4.45853e-08
97.7101 1.03886e-08 4.45846e-08
97.7874 1.0382e-08 4.45839e-08
97.8648 1.03755e-08 4.45833e-08
97.9422 1.03689e-08 4.45826e-08
98.0195 1.03624e-08 4.45819e-08
98.0969 1.03558e-08 4.45813e-08
98.1743 1.03493e-08 4.45806e-08
98.2516 1.03428e-08 4.45799e-08
98.329 1.03363e-08 4.45792e-08
98.4063 1.03298e-08 4.45786e-08
98.4837 1.03233e-08 4.45779e-08
98.5611 1.03168e-08 4.45772e-08
98.6384 1.03103e-08 4.45765e-08
98.7158 1.03038e-08 4.45759e-08
98.7932 1.02974e-08 4.45752e-08
98.8705 1.02909e-08 4.45745e-08
98.9479 1.02844e-08 4.45738e-08
99.0253 1.0278e-08 4.45732e-08
99.1026 1.02716e-08 4.45725e-08
99.18 1.02651e-08 4.45718e-08
99.2573 1.02587e-08 4.45711e-08
99.3347 1.02523e-08 4.45704e-08
99.4121 1.02459e-08 4.45698e-08
99.4894 1.02395e-08 4.45691e-08
99.5668 1.02331e-08 4.45684e-08
99.6442 1.02267e-08 4.45677e-08
99.7215 1.02204e-08 4.4567e-08
99.7989 1.0214e-08 4.45663e-08
99.8763 1.02077e-08 4.45657e-08
99.9536 1.02013e-08 4.4565e-08
100.031 1.0195e-08 4.45643e-08
100.108 1.01886e-08 4.45636e-08
100.186 1.01823e-08 4.45629e-08
100.263 1.0176e-08 4.45622e-08
100.34 1.01697e-08 4.45615e-08
100.418 1.01634e-08 4.45609e-08
100.495 1.01571e-08 4.45602e-08
100.573 1.01508e-08 4.45595e-08
100.65 1.01445e-08 4.45588e-08
100.727 1.01383e-08 4.45581e-08
100.805 1.0132e-08 4.45574e-08
100.882 1.01257e-08 4.45567e-08
100.959 1.01195e-08 4.4556e-08
101.037 1.01133e-08 4.45553e-08
101.114 1.0107e-08 4.45546e-08
101.191 1.01008e-08 4.45539e-08
101.269 1.00946e-08 4.45532e-08
101.346 1.00884e-08 4.45525e-08
101.424 1.00822e-08 4.45518e-08
101.501 1.0076e-08 4.45512e-08
101.578 1.00698e-08 4.45505e-08
101.656 1.00636e-08 4.45498e-08
101.733 1.00574e-08 4.45491e-08
101.81 1.00513e-08 4.45484e-08
101.888 1.00451e-08 4.45477e-08
101.965 1.0039e-08 4.4547e-08
102.042 1.00328e-08 4.45463e-08
102.12 1.00267e-08 4.45456e-08
102.197 1.00205e-08 4.45449e-08
102.275 1.00144e-08 4.45442e-08
102.352 1.00083e-08 4.45435e-08
102.429 1.00022e-08 4.45427e-08
102.507 9.99611e-09 4.4542e-08
102.584 9.99002e-09 4.45413e-08
102.661 9.98394e-09 4.45406e-08
102.739 9.97786e-09 4.45399e-08
102.816 9.97179e-09 4.45392e-08
102.893 9.96573e-09 4.45385e-08
102.971 9.95967e-09 4.45378e-08
103.048 9.95363e-09 4.45371e-08
103.126 9.94759e-09 4.45364e-08
103.203 9.94155e-09 4.45357e-08
103.28 9.93553e-09 4.4535e-08
103.358 9.92951e-09 4.45343e-08
103.435 9.9235e-09 4.45336e-08
103.512 9.91749e-09 4.45328e-08
103.59 9.9115e-09 4.45321e-08
103.667 9.90551e-09 4.45314e-08
103.744 9.89952e-09 4.45307e-08
103.822 9.89355e-09 4.453e-08
103.899 9.88758e-09 4.45293e-08
103.977 9.88162e-09 4.45286e-08
104.054 9.87566e-09 4.45279e-08
104.131 9.86972e-09 4.45271e-08
104.209 9.86378e-09 4.45264e-08
104.286 9.85784e-09 4.45257e-08
104.363 9.85192e-09 4.4525e-08
104.441 9.846e-09 4.45243e-08
104.518 9.84009e-09 4.45236e-08
104.595 9.83418e-09 4.45228e-08
104.673 9.82828e-09 4.45221e-08
104.75 9.82239e-09 4.45214e-08
104.828 9.81651e-09 4.45207e-08
104.905 9.81063e-09 4.452e-08
104.982 9.80476e-09 4.45192e-08
105.06 9.7989e-09 4.45185e-08
105.137 9.79304e-09 4.45178e-08
105.214 9.78719e-09 4.45171e-08
105.292 9.78135e-09 4.45164e-08
105.369 9.77551e-09 4.45156e-08
105.446 9.76968e-09 4.45149e-08
105.524 9.76386e-09 4.45142e-08
105.601 9.75805e-09 4.45135e-08
105.679 9.75224e-09 4.45127e-08
105.756 9.74644e-09 4.4512e-08
105.833 9.74064e-09 4.45113e-08
105.911 9.73486e-09 4.45106e-08
105.988 9.72907e-09 4.45098e-08
106.065 9.7233e-09 4.45091e-08
106.143 9.71753e-09 4.45084e-08
106.22 9.71177e-09 4.45077e-08
106.297 9.70602e-09 4.45069e-08
106.375 9.70027e-09 4.45062e-08
106.452 9.69453e-09 4.45055e-08
106.53 9.6888e-09 4.45047e-08
106.607 9.68307e-09 4.4504e-08
106.684 9.67735e-09 4.45033e-08
106.762 9.67163e-09 4.45025e-08
106.839 9.66593e-09 4.45018e-08
106.916 9.66023e-09 4.45011e-08
106.994 9.65453e-09 4.45003e-08
107.071 9.64885e-09 4.44996e-08
107.148 9.64317e-09 4.44989e-08
107.226 9.63749e-09 4.44981e-08
107.303 9.63182e-09 4.44974e-08
107.381 9.62616e-09 4.44967e-08
107.458 9.62051e-09 4.44959e-08
107.535 9.61486e-09 4.44952e-08
107.613 9.60922e-09 4.44945e-08
107.69 9.60359e-09 4.44937e-08
107.767 9.59796e-09 4.4493e-08
107.845 9.59234e-09 4.44923e-08
107.922 9.58672e-09 4.44915e-08
107.999 9.58111e-09 4.44908e-08
108.077 9.57551e-09 4.449e-08
108.154 9.56991e-09 4.44893e-08
108.232 9.56433e-09 4.44886e-08
108.309 9.55874e-09 4.44878e-08
108.386 9.55317e-09 4.44871e-08
108.464 9.5476e-09 4.44863e-08
108.541 9.54203e-09 4.44856e-08
108.618 9.53648e-09 4.44848e-08
108.696 9.53092e-09 4.44841e-08
108.773 9.52538e-09 4.44834e-08
108.85 9.51984e-09 4.44826e-08
108.928 9.51431e-09 4.44819e-08
109.005 9.50879e-09 4.44811e-08
109.083 9.50327e-09 4.44804e-08
109.16 9.49775e-09 4.44796e-08
109.237 9.49225e-09 4.44789e-08
109.315 9.48675e-09 4.44782e-08
109.392 9.48125e-09 4.44774e-08
109.469 9.47577e-09 4.44767e-08
109.547 9.47029e-09 4.44759e-08
109.624 9.46481e-09 4.44752e-08
109.701 9.45934e-09 4.44744e-08
109.779 9.45388e-09 4.44737e-08
109.856 9.44842e-09 4.44729e-08
109.934 9.44297e-09 4.44722e-08
110.011 9.43753e-09 4.44714e-08
110.088 9.43209e-09 4.44707e-08
110.166 9.42666e-09 4.44699e-08
110.243 9.42124e-09 4.44692e-08
110.32 9.41582e-09 4.44684e-08
110.398 9.41041e-09 4.44677e-08
110.475 9.405e-09 4.44669e-08
110.552 9.3996e-09 4.44662e-08
110.63 9.3942e-09 4.44654e-08
110.707 9.38882e-09 4.44647e-08
110.785 9.38343e-09 4.44639e-08
110.862 9.37806e-09 4.44631e-08
110.939 9.37269e-09 4.44624e-08
111.017 9.36732e-09 4.44616e-08
111.094 9.36197e-09 4.44609e-08
111.171 9.35661e-09 4.44601e-08
111.249 9.35127e-09 4.44594e-08
111.326 9.34593e-09 4.44586e-08
111.403 9.34059e-09 4.44579e-08
111.481 9.33527e-09 4.44571e-08
111.558 9.32995e-09 4.44563e-08
111.636 9.32463e-09 4.44556e-08
111.713 9.31932e-09 4.44548e-08
111.79 9.31402e-09 4.44541e-08
111.868 9.30872e-09 4.44533e-08
111.945 9.30343e-09 4.44525e-08
112.022 9.29814e-09 4.44518e-08
112.1 9.29286e-09 4.4451e-08
112.177 9.28759e-09 4.44503e-08
112.254 9.28232e-09 4.44495e-08
112.332 9.27706e-09 4.44487e-08
112.409 9.2718e-09 4.4448e-08
112.487 9.26655e-09 4.44472e-08
112.564 9.26131e-09 4.44465e-08
112.641 9.25607e-09 4.44457e-08
112.719 9.25083e-09 4.44449e-08
112.796 9.24561e-09 4.44442e-08
112.873 9.24039e-09 4.44434e-08
112.951 9.23517e-09 4.44426e-08
113.028 9.22996e-09 4.44419e-08
113.105 9.22476e-09 4.44411e-08
113.183 9.21956e-09 4.44403e-08
113.26 9.21437e-09 4.44396e-08
113.337 9.20918e-09 4.44388e-08
113.415 9.204e-09 4.4438e-08
113.492 9.19883e-09 4.44373e-08
113.57 9.19366e-09 4.44365e-08
113.647 9.18849e-09 4.44357e-08
113.724 9.18334e-09 4.4435e-08
113.802 9.17819e-09 4.44342e-08
113.879 9.17304e-09 4.44334e-08
113.956 9.1679e-09 4.44327e-08
114.034 9.16276e-09 4.44319e-08
114.111 9.15764e-09 4.44311e-08
114.188 9.15251e-09 4.44304e-08
114.266 9.14739e-09 4.44296e-08
114.343 9.14228e-09 4.44288e-08
114.421 9.13718e-09 4.44281e-08
114.498 9.13208e-09 4.44273e-08
114.575 9.12698e-09 4.44265e-08
114.653 9.12189e-09 4.44257e-08
114.73 9.11681e-09 4.4425e-08
114.807 9.11173e-09 4.44242e-08
114.885 9.10666e-09 4.44234e-08
114.962 9.10159e-09 4.44226e-08
115.039 9.09653e-09 4.44219e-08
115.117 9.09147e-09 4.44211e-08
115.194 9.08642e-09 4.44203e-08
115.272 9.08138e-09 4.44195e-08
115.349 9.07634e-09 4.44188e-08
115.426 9.0713e-09 4.4418e-08
115.504 9.06628e-09 4.44172e-08
115.581 9.06125e-09 4.44164e-08
115.658 9.05624e-09 4.44157e-08
115.736 9.05122e-09 4.44149e-08
115.813 9.04622e-09 4.44141e-08
115.89 9.04122e-09 4.44133e-08
115.968 9.03622e-09 4.44126e-08
116.045 9.03123e-09 4.44118e-08
116.123 9.02625e-09 4.4411e-08
116.2 9.02127e-09 4.44102e-08
116.277 9.01629e-09 4.44094e-08
116.355 9.01133e-09 4.44087e-08
116.432 9.00636e-09 4.44079e-08
116.509 9.00141e-09 4.44071e-08
116.587 8.99646e-09 4.44063e-08
116.664 8.99151e-09 4.44056e-08
116.741 8.98657e-09 4.44048e-08
116.819 8.98163e-09 4.4404e-08
116.896 8.9767e-09 4.44032e-08
116.974 8.97178e-09 4.44024e-08
117.051 8.96686e-09 4.44016e-08
117.128 8.96194e-09 4.44009e-08
117.206 8.95703e-09 4.44001e-08
117.283 8.95213e-09 4.43993e-08
117.36 8.94723e-09 4.43985e-08
117.438 8.94234e-09 4.43977e-08
117.515 8.93745e-09 4.43969e-08
117.592 8.93257e-09 4.43962e-08
117.67 8.92769e-09 4.43954e-08
117.747 8.92282e-09 4.43946e-08
117.825 8.91795e-09 4.43938e-08
117.902 8.91309e-09 4.4393e-08
117.979 8.90823e-09 4.43922e-08
118.057 8.90338e-09 4.43915e-08
118.134 8.89854e-09 4.43907e-08
118.211 8.8937e-09 4.43899e-08
118.289 8.88886e-09 4.43891e-08
118.366 8.88403e-09 4.43883e-08
118.443 8.87921e-09 4.43875e-08
118.521 8.87439e-09 4.43867e-08
118.598 8.86957e-09 4.43859e-08
118.676 8.86476e-09 4.43852e-08
118.753 8.85996e-09 4.43844e-08
118.83 8.85516e-09 4.43836e-08
118.908 8.85037e-09 4.43828e-08
118.985 8.84558e-09 4.4382e-08
119.062 8.84079e-09 4.43812e-08
119.14 8.83602e-09 4.43804e-08
119.217 8.83124e-09 4.43796e-08
119.294 8.82647e-09 4.43788e-08
119.372 8.82171e-09 4.4378e-08
119.449 8.81695e-09 4.43773e-08
119.527 8.8122e-09 4.43765e-08
119.604 8.80745e-09 4.43757e-08
119.681 8.80271e-09 4.43749e-08
119.759 8.79797e-09 4.43741e-08
119.836 8.79324e-09 4.43733e-08
119.913 8.78851e-09 4.43725e-08
119.991 8.78379e-09 4.43717e-08
120.068 8.77907e-09 4.43709e-08
120.145 8.77436e-09 4.43701e-08
120.223 8.76965e-09 4.43693e-08
120.3 8.76495e-09 4.43685e-08
120.378 8.76025e-09 4.43677e-08
120.455 8.75556e-09 4.43669e-08
120.532 8.75087e-09 4.43662e-08
120.61 8.74619e-09 4.43654e-08
120.687 8.74151e-09 4.43646e-08
120.764 8.73683e-09 4.43638e-08
120.842 8.73217e-09 4.4363e-08
120.919 8.7275e-09 4.43622e-08
120.996 8.72285e-09 4.43614e-08
121.074 8.71819e-09 4.43606e-08
121.151 8.71354e-09 4.43598e-08
121.229 8.7089e-09 4.4359e-08
121.306 8.70426e-09 4.43582e-08
121.383 8.69963e-09 4.43574e-08
121.461 8.695e-09 4.43566e-08
121.538 8.69038e-09 4.43558e-08
121.615 8.68576e-09 4.4355e-08
121.693 8.68114e-09 4.43542e-08
121.77 8.67653e-09 4.43534e-08
121.847 8.67193e-09 4.43526e-08
121.925 8.66733e-09 4.43518e-08
122.002 8.66274e-09 4.4351e-08
122.08 8.65815e-09 4.43502e-08
122.157 8.65356e-09 4.43494e-08
122.234 8.64898e-09 4.43486e-08
122.312 8.6444e-09 4.43478e-08
122.389 8.63983e-09 4.4347e-08
122.466 8.63527e-09 4.43462e-08
122.544 8.63071e-09 4.43454e-08
122.621 8.62615e-09 4.43446e-08
122.698 8.6216e-09 4.43438e-08
122.776 8.61705e-09 4.4343e-08
122.853 8.61251e-09 4.43422e-08
122.931 8.60797e-09 4.43414e-08
123.008 8.60344e-09 4.43406e-08
123.085 8.59891e-09 4.43398e-08
123.163 8.59439e-09 4.4339e-08
123.24 8.58987e-09 4.43382e-08
123.317 8.58536e-09 4.43374e-08
123.395 8.58085e-09 4.43366e-08
123.472 8.57634e-09 4.43358e-08
123.549 8.57184e-09 4.4335e-08
123.627 8.56735e-09 4.43342e-08
123.704 8.56286e-09 4.43334e-08
123.782 8.55837e-09 4.43325e-08
123.859 8.55389e-09 4.43317e-08
123.936 8.54942e-09 4.43309e-08
124.014 8.54494e-09 4.43301e-08
124.091 8.54048e-09 4.43293e-08
124.168 8.53601e-09 4.43285e-08
124.246 8.53156e-09 4.43277e-08
124.323 8.5271e-09 4.43269e-08
124.4 8.52266e-09 4.43261e-08
124.478 8.51821e-09 4.43253e-08
124.555 8.51377e-09 4.43245e-08
124.633 8.50934e-09 4.43237e-08
124.71 8.50491e-09 4.43229e-08
124.787 8.50048e-09 4.43221e-08
124.865 8.49606e-09 4.43213e-08
124.942 8.49164e-09 4.43204e-08
125.019 8.48723e-09 4.43196e-08
125.097 8.48282e-09 4.43188e-08
125.174 8.47842e-09 4.4318e-08
125.251 8.47402e-09 4.43172e-08
125.329 8.46963e-09 4.43164e-08
125.406 8.46524e-09 4.43156e-08
125.484 8.46085e-09 4.43148e-08
125.561 8.45647e-09 4.4314e-08
125.638 8.4521e-09 4.43132e-08
125.716 8.44773e-09 4.43124e-08
125.793 8.44336e-09 4.43115e-08
125.87 8.439e-09 4.43107e-08
125.948 8.43464e-09 4.43099e-08
126.025 8.43029e-09 4.43091e-08
126.102 8.42594e-09 4.43083e-08
126.18 8.42159e-09 4.43075e-08
126.257 8.41725e-09 4.43067e-08
126.335 8.41292e-09 4.43059e-08
126.412 8.40858e-09 4.43051e-08
126.489 8.40426e-09 4.43042e-08
126.567 8.39993e-09 4.43034e-08
126.644 8.39562e-09 4.43026e-08
126.721 8.3913e-09 4.43018e-08
126.799 8.38699e-09 4.4301e-08
126.876 8.38269e-09 4.43002e-08
126.953 8.37839e-09 4.42994e-08
127.031 8.37409e-09 4.42985e-08
127.108 8.3698e-09 4.42977e-08
127.186 8.36551e-09 4.42969e-08
127.263 8.36123e-09 4.42961e-08
127.34 8.35695e-09 4.42953e-08
127.418 8.35268e-09 4.42945e-08
127.495 8.34841e-09 4.42937e-08
127.572 8.34414e-09 4.42928e-08
127.65 8.33988e-09 4.4292e-08
127.727 8.33562e-09 4.42912e-08
127.804 8.33137e-09 4.42904e-08
127.882 8.32712e-09 4.42896e-08
127.959 8.32288e-09 4.42888e-08
128.037 8.31864e-09 4.42879e-08
128.114 8.3144e-09 4.42871e-08
128.191 8.31017e-09 4.42863e-08
128.269 8.30594e-09 4.42855e-08
128.346 8.30172e-09 4.42847e-08
128.423 8.2975e-09 4.42839e-08
128.501 8.29328e-09 4.4283e-08
128.578 8.28907e-09 4.42822e-08
128.655 8.28487e-09 4.42814e-08
128.733 8.28067e-09 4.42806e-08
128.81 8.27647e-09 4.42798e-08
128.888 8.27228e-09 4.4279e-08
128.965 8.26809e-09 4.42781e-08
129.042 8.2639e-09 4.42773e-08
129.12 8.25972e-09 4.42765e-08
129.197 8.25555e-09 4.42757e-08
129.274 8.25137e-09 4.42749e-08
129.352 8.24721e-09 4.4274e-08
129.429 8.24304e-09 4.42732e-08
129.506 8.23888e-09 4.42724e-08
129.584 8.23473e-09 4.42716e-08
129.661 8.23057e-09 4.42708e-08
129.739 8.22643e-09 4.42699e-08
129.816 8.22228e-09 4.42691e-08
129.893 8.21814e-09 4.42683e-08
129.971 8.21401e-09 4.42675e-08
130.048 8.20988e-09 4.42667e-08
130.125 8.20575e-09 4.42658e-08
130.203 8.20163e-09 4.4265e-08
130.28 8.19751e-09 4.42642e-08
130.357 8.1934e-09 4.42634e-08
130.435 8.18929e-09 4.42626e-08
130.512 8.18518e-09 4.42617e-08
130.59 8.18108e-09 4.42609e-08
130.667 8.17698e-09 4.42601e-08
130.744 8.17289e-09 4.42593e-08
130.822 8.1688e-09 4.42584e-08
130.899 8.16471e-09 4.42576e-08
130.976 8.16063e-09 4.42568e-08
131.054 8.15655e-09 4.4256e-08
131.131 8.15248e-09 4.42552e-08
131.208 8.14841e-09 4.42543e-08
131.286 8.14434e-09 4.42535e-08
131.363 8.14028e-09 4.42527e-08
131.441 8.13622e-09 4.42519e-08
131.518 8.13217e-09 4.4251e-08
131.595 8.12812e-09 4.42502e-08
131.673 8.12408e-09 4.42494e-08
131.75 8.12003e-09 4.42486e-08
131.827 8.116e-09 4.42477e-08
131.905 8.11196e-09 4.42469e-08
131.982 8.10793e-09 4.42461e-08
132.059 8.10391e-09 4.42453e-08
132.137 8.09989e-09 4.42444e-08
132.214 8.09587e-09 4.42436e-08
132.292 8.09185e-09 4.42428e-08
132.369 8.08784e-09 4.4242e-08
132.446 8.08384e-09 4.42411e-08
132.524 8.07984e-09 4.42403e-08
132.601 8.07584e-09 4.42395e-08
132.678 8.07184e-09 4.42387e-08
132.756 8.06785e-09 4.42378e-08
132.833 8.06387e-09 4.4237e-08
132.91 8.05988e-09 4.42362e-08
132.988 8.05591e-09 4.42354e-08
133.065 8.05193e-09 4.42345e-08
133.143 8.04796e-09 4.42337e-08
133.22 8.04399e-09 4.42329e-08
133.297 8.04003e-09 4.4232e-08
133.375 8.03607e-09 4.42312e-08
133.452 8.03212e-09 4.42304e-08
133.529 8.02817e-09 4.42296e-08
133.607 8.02422e-09 4.42287e-08
133.684 8.02027e-09 4.42279e-08
133.761 8.01633e-09 4.42271e-08
133.839 8.0124e-09 4.42263e-08
133.916 8.00847e-09 4.42254e-08
133.994 8.00454e-09 4.42246e-08
134.071 8.00061e-09 4.42238e-08
134.148 7.99669e-09 4.42229e-08
134.226 7.99278e-09 4.42221e-08
134.303 7.98886e-09 4.42213e-08
134.38 7.98495e-09 4.42205e-08
134.458 7.98105e-09 4.42196e-08
134.535 7.97715e-09 4.42188e-08
134.612 7.97325e-09 4.4218e-08
134.69 7.96935e-09 4.42171e-08
134.767 7.96546e-09 4.42163e-08
134.845 7.96158e-09 4.42155e-08
134.922 7.95769e-09 4.42146e-08
134.999 7.95382e-09 4.42138e-08
135.077 7.94994e-09 4.4213e-08
135.154 7.94607e-09 4.42122e-08
135.231 7.9422e-09 4.42113e-08
135.309 7.93834e-09 4.42105e-08
135.386 7.93448e-09 4.42097e-08
135.463 7.93062e-09 4.42088e-08
135.541 7.92677e-09 4.4208e-08
135.618 7.92292e-09 4.42072e-08
135.696 7.91907e-09 4.42063e-08
135.773 7.91523e-09 4.42055e-08
135.85 7.91139e-09 4.42047e-08
135.928 7.90756e-09 4.42038e-08
136.005 7.90373e-09 4.4203e-08
136.082 7.8999e-09 4.42022e-08
136.16 7.89608e-09 4.42013e-08
136.237 7.89226e-09 4.42005e-08
136.314 7.88844e-09 4.41997e-08
136.392 7.88463e-09 4.41989e-08
136.469 7.88082e-09 4.4198e-08
136.547 7.87701e-09 4.41972e-08
136.624 7.87321e-09 4.41964e-08
136.701 7.86942e-09 4.41955e-08
136.779 7.86562e-09 4.41947e-08
136.856 7.86183e-09 4.41939e-08
136.933 7.85804e-09 4.4193e-08
137.011 7.85426e-09 4.41922e-08
137.088 7.85048e-09 4.41914e-08
137.165 7.84671e-09 4.41905e-08
137.243 7.84293e-09 4.41897e-08
137.32 7.83916e-09 4.41889e-08
137.398 7.8354e-09 4.4188e-08
137.475 7.83164e-09 4.41872e-08
137.552 7.82788e-09 4.41864e-08
137.63 7.82412e-09 4.41855e-08
137.707 7.82037e-09 4.41847e-08
137.784 7.81663e-09 4.41839e-08
137.862 7.81288e-09 4.4183e-08
137.939 7.80914e-09 4.41822e-08
138.016 7.8054e-09 4.41813e-08
138.094 7.80167e-09 4.41805e-08
138.171 7.79794e-09 4.41797e-08
138.249 7.79422e-09 4.41788e-08
138.326 7.79049e-09 4.4178e-08
138.403 7.78677e-09 4.41772e-08
138.481 7.78306e-09 4.41763e-08
138.558 7.77935e-09 4.41755e-08
138.635 7.77564e-09 4.41747e-08
138.713 7.77193e-09 4.41738e-08
138.79 7.76823e-09 4.4173e-08
138.867 7.76453e-09 4.41722e-08
138.945 7.76084e-09 4.41713e-08
139.022 7.75715e-09 4.41705e-08
139.1 7.75346e-09 4.41697e-08
139.177 7.74978e-09 4.41688e-08
139.254 7.7461e-09 4.4168e-08
139.332 7.74242e-09 4.41671e-08
139.409 7.73875e-09 4.41663e-08
139.486 7.73508e-09 4.41655e-08
139.564 7.73141e-09 4.41646e-08
139.641 7.72775e-09 4.41638e-08
139.718 7.72409e-09 4.4163e-08
139.796 7.72043e-09 4.41621e-08
139.873 7.71678e-09 4.41613e-08
139.951 7.71313e-09 4.41605e-08
140.028 7.70948e-09 4.41596e-08
140.105 7.70584e-09 4.41588e-08
140.183 7.7022e-09 4.41579e-08
140.26 7.69856e-09 4.41571e-08
140.337 7.69493e-09 4.41563e-08
140.415 7.6913e-09 4.41554e-08
140.492 7.68768e-09 4.41546e-08
140.569 7.68405e-09 4.41538e-08
140.647 7.68043e-09 4.41529e-08
140.724 7.67682e-09 4.41521e-08
140.802 7.67321e-09 4.41512e-08
140.879 7.6696e-09 4.41504e-08
140.956 7.66599e-09 4.41496e-08
141.034 7.66239e-09 4.41487e-08
141.111 7.65879e-09 4.41479e-08
141.188 7.6552e-09 4.4147e-08
141.266 7.65161e-09 4.41462e-08
141.343 7.64802e-09 4.41454e-08
141.42 7.64443e-09 4.41445e-08
141.498 7.64085e-09 4.41437e-08
141.575 7.63727e-09 4.41429e-08
141.653 7.6337e-09 4.4142e-08
141.73 7.63012e-09 4.41412e-08
141.807 7.62655e-09 4.41403e-08
141.885 7.62299e-09 4.41395e-08
141.962 7.61943e-09 4.41387e-08
142.039 7.61587e-09 4.41378e-08
142.117 7.61231e-09 4.4137e-08
142.194 7.60876e-09 4.41361e-08
142.271 7.60521e-09 4.41353e-08
142.349 7.60167e-09 4.41345e-08
142.426 7.59812e-09 4.41336e-08
142.504 7.59459e-09 4.41328e-08
142.581 7.59105e-09 4.41319e-08
142.658 7.58752e-09 4.41311e-08
142.736 7.58399e-09 4.41303e-08
142.813 7.58046e-09 4.41294e-08
142.89 7.57694e-09 4.41286e-08
142.968 7.57342e-09 4.41277e-08
143.045 7.5699e-09 4.41269e-08
143.122 7.56639e-09 4.41261e-08
143.2 7.56288e-09 4.41252e-08
143.277 7.55938e-09 4.41244e-08
143.355 7.55587e-09 4.41235e-08
143.432 7.55237e-09 4.41227e-08
143.509 7.54888e-09 4.41219e-08
143.587 7.54538e-09 4.4121e-08
143.664 7.54189e-09 4.41202e-08
143.741 7.5384e-09 4.41193e-08
143.819 7.53492e-09 4.41185e-08
143.896 7.53144e-09 4.41177e-08
143.973 7.52796e-09 4.41168e-08
144.051 7.52449e-09 4.4116e-08
144.128 7.52102e-09 4.41151e-08
144.206 7.51755e-09 4.41143e-08
144.283 7.51408e-09 4.41135e-08
144.36 7.51062e-09 4.41126e-08
144.438 7.50716e-09 4.41118e-08
144.515 7.50371e-09 4.41109e-08
144.592 7.50026e-09 4.41101e-08
144.67 7.49681e-09 4.41092e-08
144.747 7.49336e-09 4.41084e-08
144.824 7.48992e-09 4.41076e-08
144.902 7.48648e-09 4.41067e-08
144.979 7.48304e-09 4.41059e-08
145.057 7.47961e-09 4.4105e-08
145.134 7.47618e-09 4.41042e-08
145.211 7.47275e-09 4.41034e-08
145.289 7.46933e-09 4.41025e-08
145.366 7.46591e-09 4.41017e-08
145.443 7.46249e-09 4.41008e-08
145.521 7.45907e-09 4.41e-08
145.598 7.45566e-09 4.40991e-08
145.675 7.45225e-09 4.40983e-08
145.753 7.44885e-09 4.40975e-08
145.83 7.44545e-09 4.40966e-08
145.908 7.44205e-09 4.40958e-08
145.985 7.43865e-09 4.40949e-08
146.062 7.43526e-09 4.40941e-08
146.14 7.43187e-09 4.40932e-08
146.217 7.42848e-09 4.40924e-08
146.294 7.4251e-09 4.40916e-08
146.372 7.42172e-09 4.40907e-08
146.449 7.41834e-09 4.40899e-08
146.526 7.41496e-09 4.4089e-08
146.604 7.41159e-09 4.40882e-08
146.681 7.40822e-09 4.40873e-08
146.759 7.40486e-09 4.40865e-08
146.836 7.4015e-09 4.40857e-08
146.913 7.39814e-09 4.40848e-08
146.991 7.39478e-09 4.4084e-08
147.068 7.39143e-09 4.40831e-08
147.145 7.38808e-09 4.40823e-08
147.223 7.38473e-09 4.40814e-08
147.3 7.38138e-09 4.40806e-08
147.377 7.37804e-09 4.40798e-08
147.455 7.3747e-09 4.40789e-08
147.532 7.37137e-09 4.40781e-08
147.61 7.36804e-09 4.40772e-08
147.687 7.36471e-09 4.40764e-08
147.764 7.36138e-09 4.40755e-08
147.842 7.35806e-09 4.40747e-08
147.919 7.35474e-09 4.40738e-08
147.996 7.35142e-09 4.4073e-08
148.074 7.34811e-09 4.40722e-08
148.151 7.34479e-09 4.40713e-08
148.228 7.34149e-09 4.40705e-08
148.306 7.33818e-09 4.40696e-08
148.383 7.33488e-09 4.40688e-08
148.461 7.33158e-09 4.40679e-08
148.538 7.32828e-09 4.40671e-08
148.615 7.32499e-09 4.40662e-08
148.693 7.3217e-09 4.40654e-08
148.77 7.31841e-09 4.40646e-08
148.847 7.31512e-09 4.40637e-08
148.925 7.31184e-09 4.40629e-08
149.002 7.30856e-09 4.4062e-08
149.079 7.30529e-09 4.40612e-08
149.157 7.30201e-09 4.40603e-08
149.234 7.29874e-09 4.40595e-08
149.312 7.29547e-09 4.40586e-08
149.389 7.29221e-09 4.40578e-08
149.466 7.28895e-09 4.4057e-08
149.544 7.28569e-09 4.40561e-08
149.621 7.28243e-09 4.40553e-08
149.698 7.27918e-09 4.40544e-08
149.776 7.27593e-09 4.40536e-08
149.853 7.27268e-09 4.40527e-08
149.93 7.26944e-09 4.40519e-08
150.008 7.2662e-09 4.4051e-08
150.085 7.26296e-09 4.40502e-08
150.163 7.25972e-09 4.40494e-08
150.24 7.25649e-09 4.40485e-08
150.317 7.25326e-09 4.40477e-08
150.395 7.25003e-09 4.40468e-08
150.472 7.24681e-09 4.4046e-08
150.549 7.24359e-09 4.40451e-08
150.627 7.24037e-09 4.40443e-08
150.704 7.23715e-09 4.40434e-08
150.781 7.23394e-09 4.40426e-08
150.859 7.23073e-09 4.40418e-08
150.936 7.22752e-09 4.40409e-08
151.014 7.22432e-09 4.40401e-08
151.091 7.22112e-09 4.40392e-08
151.168 7.21792e-09 4.40384e-08
151.246 7.21472e-09 4.40375e-08
151.323 7.21153e-09 4.40367e-08
151.4 7.20834e-09 4.40358e-08
151.478 7.20515e-09 4.4035e-08
151.555 7.20197e-09 4.40341e-08
151.632 7.19878e-09 4.40333e-08
151.71 7.19561e-09 4.40325e-08
151.787 7.19243e-09 4.40316e-08
151.865 7.18926e-09 4.40308e-08
151.942 7.18609e-09 4.40299e-08
152.019 7.18292e-09 4.40291e-08
152.097 7.17975e-09 4.40282e-08
152.174 7.17659e-09 4.40274e-08
152.251 7.17343e-09 4.40265e-08
152.329 7.17027e-09 4.40257e-08
152.406 7.16712e-09 4.40248e-08
152.483 7.16397e-09 4.4024e-08
152.561 7.16082e-09 4.40231e-08
152.638 7.15767e-09 4.40223e-08
152.716 7.15453e-09 4.40215e-08
152.793 7.15139e-09 4.40206e-08
152.87 7.14825e-09 4.40198e-08
152.948 7.14512e-09 4.40189e-08
153.025 7.14198e-09 4.40181e-08
153.102 7.13885e-09 4.40172e-08
153.18 7.13573e-09 4.40164e-08
153.257 7.1326e-09 4.40155e-08
153.334 7.12948e-09 4.40147e-08
153.412 7.12636e-09 4.40138e-08
153.489 7.12325e-09 4.4013e-08
153.567 7.12013e-09 4.40122e-08
153.644 7.11702e-09 4.40113e-08
153.721 7.11392e-09 4.40105e-08
153.799 7.11081e-09 4.40096e-08
153.876 7.10771e-09 4.40088e-08
153.953 7.10461e-09 4.40079e-08
154.031 7.10151e-09 4.40071e-08
154.108 7.09842e-09 4.40062e-08
154.185 7.09533e-09 4.40054e-08
154.263 7.09224e-09 4.40045e-08
154.34 7.08915e-09 4.40037e-08
154.418 7.08607e-09 4.40028e-08
154.495 7.08299e-09 4.4002e-08
154.572 7.07991e-09 4.40012e-08
154.65 7.07683e-09 4.40003e-08
154.727 7.07376e-09 4.39995e-08
