14895
14894.9
14894.9
14894.9
14894.9
14894.9
14894.9
14894.9
14894.9
14894.9
14894.9
14894.9
14894.9
14894.9
14894.9
14894.8
14894.8
14894.8
14894.8
14894.8
14894.8
14894.8
14894.8
14894.8
14894.8
14862
14862
14862
14862
14862
14862
14862
14862
14862
14862
14862
14862
14862
14862
14862
14862
14861.9
14861.9
14861.9
14861.9
14861.9
14861.9
14861.9
14861.9
14861.9
14861.9
14861.9
14861.9
14861.8
14861.8
14861.9
14861.9
14861.9
14861.9
14861.9
14861.8
14861.8
14861.8
14861.8
14861.8
14861.8
14861.8
14861.8
14861.8
14861.8
14861.8
14861.8
14861.8
14861.8
14861.8
14861.8
14861.8
14861.8
14861.8
14861.8
14861.8
14861.7
14861.7
14861.7
14861.8
14861.7
14861.7
14861.7
14861.7
14861.7
14861.7
14861.7
14861.7
14861.7
14861.6
14861.6
14861.6
14861.6
14861.6
14861.6
14861.6
